0.757436 0.730981 0.883289 0.769664 0.641185 0.660147 0.655768 0.671265 0.671272 0.650457 0.745749 0.679584 0.607242 0.626263 0.607242 0.899426 0.899411 0.879638 0.825125 0.825232 0.825385 0.825438 0.687916 0.634306 0.589279 0.612628 0.565664 0.69169 0.691689 0.649915 0.649915 0.653164 0.577715 0.595111 0.617197 0.57263 0.57263 0.60811 0.62773 0.633586
0.684765 0.68386 0.700779 0.700779 0.565846 0.725711 0.779032 0.79749 0.797761 0.918648 0.797448 0.691222 0.838917 0.852083 0.852083 0.844585 0.948376 0.948379 0.948376 0.948937 0.952856 0.948937 0.705047 0.779839 0.779839 0.827521 0.785884 0.853608 0.853788 0.853788 0.853788 0.726007 0.599363 0.602051 0.602051 0.596463 0.630823 0.840275 0.840275 0.678392
0.899345 0.960355 0.963866 0.963866 0.765851 0.765276 0.686142 0.731806 0.740856 0.759393 0.757326 0.778153 0.824988 0.824988 0.775514 0.728269 0.739488 0.756001 0.7395 0.821532 0.823978 0.822021 0.913602 0.913503 0.758686 0.835053 0.731428 0.744607 0.748191 0.830952 0.830772 0.881925 0.756476 0.749717 0.833709 0.751138 0.865547 0.814221 0.816636 0.787217
0.786085 0.786085 0.786085 0.690738 0.680672 0.621281 0.587052 0.65378 0.763492 0.567241 0.567241 0.675177 0.56415 0.580701 0.580701 0.583382 0.5807 0.591049 0.575381 0.572555 0.590334 0.634577 0.538586 0.782864 0.579603 0.634492 0.629629 0.598521 0.684748 0.564237 0.88161 0.881974 0.881974 0.905489 0.905489 0.670363 0.807181 0.718308 0.928938 0.928938
0.727364 0.718018 0.649512 0.691771 0.692426 0.574176 0.721535 0.610453 0.610456 0.689321 0.686977 0.581357 0.57053 0.634048 0.590836 0.714744 0.708092 0.590841 0.635056 0.779994 0.779994 0.779994 0.883007 0.837143 0.557288 0.578942 0.546262 0.546414 0.546416 0.522171 0.531182 0.531694 0.783189 0.783189 0.783189 0.592599 0.580736 0.57274 0.57274 0.553097
0.678046 0.71863 0.71863 0.581988 0.598988 0.577573 0.599527 0.769445 0.76939 0.641016 0.589284 0.641903 0.641903 0.790592 0.790607 0.790607 0.790607 0.790607 0.790607 0.790681 0.938426 0.938426 0.904473 0.79059 0.779766 0.779801 0.894747 0.766564 0.756339 0.629781 0.794457 0.636652 0.843738 0.604339 0.721326 0.722366 0.580328 0.898403 0.903191 0.903198
0.793184 0.86306 0.86306 0.86306 0.86306 0.636912 0.723287 0.655478 0.742966 0.63208 0.631163 0.724665 0.696249 0.706342 0.651846 0.801422 0.801422 0.640834 0.699829 0.69983 0.699829 0.722786 0.606087 0.627961 0.608662 0.608662 0.613315 0.621665 0.577111 0.577479 0.626017 0.626012 0.669283 0.675273 0.606049 0.627652 0.615597 0.578797 0.580033 0.624639
0.669296 0.874263 0.874263 0.874263 0.742143 0.805299 0.805299 0.814478 0.815221 0.731342 0.738355 0.738355 0.736997 0.862517 0.912866 0.757638 0.905523 0.745557 0.78403 0.78403 0.796387 0.755428 0.847883 0.847883 0.71045 0.710447 0.85843 0.740031 0.762845 0.772198 0.772198 0.597873 0.597873 0.725082 0.730474 0.867929 0.760532 0.735234 0.71516 0.733929
0.693252 0.596193 0.593706 0.614762 0.590834 0.599313 0.599313 0.578176 0.571261 0.668906 0.668716 0.618004 0.655416 0.597111 0.590957 0.549061 0.654049 0.679447 0.680476 0.682971 0.702522 0.682952 0.669646 0.710644 0.944575 0.673517 0.742808 0.711057 0.840908 0.860984 0.860969 0.883492 0.883492 0.712852 0.712875 0.71537 0.933665 0.821681 0.903997 0.903997
0.841585 0.847227 0.818651 0.86318 0.876531 0.642937 0.677996 0.958865 0.562754 0.960722 0.960722 0.752052 0.816673 0.816673 0.816673 0.617143 0.617051 0.618525 0.62834 0.739019 0.612484 0.877084 0.985994 0.577949 0.577949 0.601202 0.636256 0.570093 0.570093 0.54429 0.635483 0.646425 0.646425 0.61143 0.67336 0.677967 0.679442 0.864656 0.864658 0.864658
0.864585 0.615353 0.65362 0.766652 0.766681 0.766681 0.732389 0.731785 0.731785 0.691224 0.668124 0.68348 0.681339 0.725668 0.702929 0.780711 0.665341 0.755891 0.746162 0.610516 0.669867 0.588726 0.920593 0.925542 0.96212 0.96212 0.96212 0.920593 0.936812 0.830841 0.589839 0.776551 0.776551 0.79373 0.590145 0.871408 0.891805 0.891805 0.612092 0.826984
0.562326 0.527361 0.588857 0.794367 0.946371 0.94641 0.588529 0.52191 0.640802 0.600784 0.600784 0.636346 0.600776 0.600776 0.89349 0.756589 0.641044 0.644389 0.644389 0.779686 0.829786 0.80136 0.779369 0.779377 0.779715 0.779715 0.78493 0.724173 0.724173 0.724185 0.646222 0.713187 0.76029 0.763385 0.68013 0.748256 0.745535 0.647241 0.693691 0.831114
0.768298 0.551327 0.661185 0.660062 0.669917 0.63269 0.559021 0.573405 0.602788 0.608613 0.592623 0.59263 0.559903 0.549609 0.549609 0.547452 0.574982 0.53938 0.601116 0.515571 0.539818 0.538941 0.703885 0.719267 0.700474 0.606973 0.537155 0.570754 0.756818 0.538992 0.539105 0.656496 0.660939 0.59669 0.596826 0.596826 0.570988 0.559861 0.564382 0.591792
0.747311 0.747311 0.874117 0.778476 0.717339 0.794909 0.794784 0.646643 0.563543 0.746911 0.838933 0.838933 0.717626 0.712093 0.712093 0.700588 0.729475 0.729475 0.758337 0.71306 0.695303 0.657043 0.659951 0.667515 0.65644 0.738456 0.803649 0.814068 0.825898 0.725168 0.667109 0.854548 0.853544 0.881236 0.843297 0.740533 0.689902 0.700621 0.704283 0.704014
0.662177 0.630062 0.66879 0.758142 0.692974 0.638554 0.638561 0.638561 0.642501 0.605555 0.934335 0.677822 0.523961 0.571962 0.571962 0.798359 0.52079 0.638893 0.570238 0.570238 0.530805 0.550559 0.893662 0.636631 0.558586 0.574868 0.574868 0.550472 0.896909 0.964049 0.964049 0.964049 0.57407 0.574103 0.574103 0.578458 0.600982 0.641161 0.641161 0.641161
0.755888 0.755888 0.599161 0.788678 0.525745 0.790707 0.777783 0.777915 0.534202 0.734992 0.587621 0.589736 0.547673 0.568555 0.576611 0.600024 0.558253 0.527282 0.525585 0.528404 0.538319 0.557029 0.624355 0.624355 0.533569 0.842848 0.636447 0.644653 0.644653 0.644653 0.644653 0.531094 0.536148 0.565486 0.718958 0.53622 0.536214 0.543066 0.586529 0.536498
0.600692 0.598199 0.598345 0.76729 0.619005 0.688863 0.580138 0.627626 0.590864 0.626651 0.592832 0.520679 0.52391 0.613228 0.613228 0.619705 0.521213 0.530946 0.527847 0.54878 0.595247 0.595247 0.595081 0.539642 0.968347 0.585578 0.536586 0.576051 0.574797 0.706448 0.543716 0.543716 0.534437 0.534437 0.558507 0.524721 0.524801 0.524801 0.733447 0.561357
0.658821 0.624927 0.7216 0.613648 0.780208 0.78087 0.841784 0.700801 0.68117 0.73852 0.73852 0.603874 0.56668 0.603054 0.603076 0.603054 0.563686 0.593727 0.596498 0.728893 0.728893 0.728893 0.823818 0.728877 0.728877 0.728877 0.718618 0.718618 0.718618 0.740492 0.617651 0.617651 0.631112 0.550512 0.540192 0.541641 0.582026 0.54702 0.630025 0.635506
0.604371 0.770951 0.627019 0.607723 0.607723 0.663473 0.684666 0.596953 0.62521 0.631518 0.645223 0.631518 0.630166 0.65125 0.689156 0.610331 0.547246 0.548183 0.736789 0.789908 0.594861 0.796071 0.647638 0.716522 0.68443 0.554252 0.562847 0.586516 0.586516 0.581365 0.587636 0.587636 0.577795 0.883725 0.623018 0.589352 0.720497 0.720497 0.749515 0.552557
0.928315 0.928315 0.552848 0.905161 0.566052 0.538375 0.582113 0.608612 0.633315 0.68702 0.605539 0.605589 0.68702 0.665823 0.66649 0.650775 0.650771 0.619553 0.619553 0.892093 0.652809 0.654086 0.654082 0.655327 0.735221 0.735221 0.778846 0.778846 0.580576 0.637599 0.637599 0.69043 0.691854 0.69043 0.708637 0.682933 0.682933 0.627081 0.70963 0.621187
