0.763397 0.763397 0.499959
0.766064 0.76473 0.503577
0.778115 0.769192 0.506389
0.789325 0.774225 0.508867
0.801133 0.779607 0.511186
0.813842 0.785313 0.513411
0.824834 0.790959 0.515625
0.836226 0.796617 0.517801
0.844114 0.801895 0.519928
0.853698 0.807075 0.522048
0.860592 0.81194 0.524129
0.866711 0.816504 0.526161
0.871421 0.820729 0.528146
0.878002 0.82482 0.530105
0.883921 0.82876 0.532053
0.888223 0.832476 0.534002
0.893646 0.836074 0.535913
0.896545 0.839434 0.537832
0.899991 0.842621 0.539719
0.903246 0.845652 0.541606
0.906435 0.848547 0.543481
0.909124 0.8513 0.545338
0.911634 0.853923 0.547202
0.914528 0.856449 0.549053
0.916401 0.858847 0.5509
0.91801 0.861122 0.552753
0.920062 0.863305 0.554575
0.921058 0.865368 0.556422
0.923472 0.867371 0.558262
0.92468 0.869282 0.560108
0.925651 0.8711 0.561968
0.926582 0.872834 0.563804
0.927318 0.874485 0.565629
0.927907 0.876056 0.567478
0.929236 0.877576 0.569326
0.930335 0.879041 0.571182
0.931184 0.88045 0.573057
0.931469 0.881793 0.574912
0.93278 0.8831 0.57676
0.933012 0.884348 0.578619
