0.762034 0.762034 0.500035
0.766315 0.764175 0.503759
0.777146 0.768499 0.50658
0.790033 0.773882 0.509014
0.803708 0.779847 0.51138
0.81488 0.785686 0.5136
0.824988 0.791301 0.515794
0.837138 0.79703 0.517967
0.847781 0.802669 0.520112
0.85488 0.80789 0.522216
0.862269 0.812834 0.524321
0.869498 0.817556 0.526404
0.874004 0.821898 0.528459
0.878913 0.825971 0.530472
0.884427 0.829868 0.532476
0.88893 0.833559 0.534425
0.892476 0.837025 0.536322
0.896339 0.84032 0.5382
0.90026 0.843475 0.540063
0.903242 0.846463 0.541901
0.906535 0.849324 0.543735
0.910518 0.852105 0.545564
0.912794 0.854744 0.547385
0.914815 0.857247 0.549216
0.91763 0.859662 0.551058
0.919873 0.861978 0.552906
0.921517 0.864183 0.554726
0.922746 0.866275 0.556555
0.926003 0.868334 0.55837
0.926522 0.870274 0.560198
0.927846 0.872131 0.562046
0.930215 0.873946 0.563881
0.931044 0.875676 0.565712
0.931624 0.877322 0.567551
0.932139 0.878888 0.569398
0.933532 0.880406 0.571227
0.934459 0.881867 0.573067
0.93403 0.88324 0.574906
0.934761 0.884561 0.576744
0.935989 0.885846 0.578592
