0.771558 0.771558 0.502037
0.775412 0.773485 0.505999
0.780547 0.775839 0.509516
0.779484 0.77675 0.514553
0.782885 0.777977 0.518889
0.833439 0.787221 0.524008
0.850634 0.79628 0.530122
0.849476 0.802929 0.535517
0.851338 0.808308 0.540942
0.874605 0.814938 0.546978
0.870377 0.819978 0.553723
0.883625 0.825282 0.56032
0.88931 0.830207 0.566372
0.892829 0.83468 0.572772
0.902478 0.8392 0.578821
0.901835 0.843114 0.585423
0.905713 0.846797 0.591738
0.90607 0.85009 0.598135
0.907805 0.853127 0.603689
0.904795 0.855711 0.609288
0.896785 0.857667 0.614063
0.901204 0.859646 0.618647
0.898088 0.861317 0.623482
0.903074 0.863057 0.62746
0.912151 0.865021 0.631708
0.900825 0.866398 0.635807
0.899685 0.867631 0.6401
0.893976 0.868572 0.644601
0.898615 0.869608 0.649061
0.89821 0.870561 0.653211
0.897831 0.871441 0.657324
0.898595 0.872289 0.66129
0.893028 0.872918 0.664975
0.893242 0.873515 0.668606
0.897137 0.87419 0.67201
0.901416 0.874947 0.675319
0.902811 0.8757 0.678456
0.903864 0.876441 0.681257
0.903242 0.877128 0.683905
0.899715 0.877693 0.686669
