0.770654 0.770654 0.498663
0.739607 0.75513 0.497415
0.765335 0.758532 0.497531
0.740562 0.754039 0.4976
0.748153 0.752862 0.498264
0.736528 0.75014 0.498469
0.717947 0.745541 0.498695
0.737318 0.744513 0.498768
0.776234 0.748038 0.49905
0.73591 0.746825 0.499262
0.737698 0.745995 0.499398
0.721179 0.743927 0.499328
0.712048 0.741475 0.499403
0.710497 0.739262 0.499622
0.695857 0.736369 0.499602
0.689423 0.733434 0.499502
0.733657 0.733448 0.499523
0.728733 0.733186 0.499527
0.777002 0.735492 0.499594
0.738202 0.735627 0.499595
0.74616 0.736129 0.499709
0.703651 0.734653 0.49975
0.743258 0.735027 0.499793
0.72402 0.734568 0.499855
0.70388 0.733341 0.49989
0.743419 0.733728 0.499981
0.723705 0.733357 0.499945
0.711015 0.732559 0.499915
0.715799 0.731981 0.499889
0.691971 0.730647 0.499839
0.695225 0.729505 0.499888
0.731614 0.729571 0.499968
0.684163 0.728195 0.499976
0.691193 0.727106 0.50005
0.70607 0.726505 0.500066
0.693406 0.725586 0.500105
0.721434 0.725474 0.500144
0.690719 0.724559 0.500092
0.68404 0.72352 0.500016
0.734341 0.723791 0.499983
