0.779438 0.779438 0.501768
0.74816 0.763799 0.506819
0.74932 0.758972 0.512636
0.76079 0.759427 0.518758
0.768832 0.761308 0.526046
0.783735 0.765046 0.533881
0.796123 0.769485 0.542663
0.800665 0.773383 0.551329
0.80396 0.77678 0.561027
0.816907 0.780793 0.570675
0.830082 0.785274 0.580897
0.845842 0.790321 0.59115
0.851462 0.795024 0.600513
0.840555 0.798276 0.609617
0.846464 0.801489 0.618398
0.841998 0.804021 0.626601
0.843236 0.806328 0.633873
0.843233 0.808378 0.641435
0.843242 0.810213 0.648456
0.842558 0.81183 0.655182
0.842761 0.813303 0.661566
0.842427 0.814627 0.667603
0.842756 0.81585 0.673475
0.841808 0.816931 0.67904
0.844104 0.818018 0.684566
0.846673 0.81912 0.689842
0.846673 0.820141 0.694789
0.846688 0.821089 0.699532
0.846993 0.821982 0.704105
0.846841 0.822811 0.708423
0.846841 0.823586 0.712461
0.846841 0.824313 0.716113
0.846841 0.824995 0.719728
0.84682 0.825637 0.723227
0.84682 0.826243 0.726533
0.846979 0.826819 0.729625
0.846981 0.827363 0.732581
0.846982 0.82788 0.735388
0.846933 0.828368 0.738066
0.846933 0.828832 0.740707
