0.763453 0.763453 0.500048
0.75456 0.759006 0.504798
0.759317 0.75911 0.509296
0.770703 0.762008 0.513977
0.784514 0.766509 0.519097
0.798197 0.771791 0.52478
0.812057 0.777543 0.530904
0.822748 0.783194 0.537389
0.830819 0.788485 0.544094
0.839251 0.793562 0.550972
0.84642 0.798367 0.557857
0.851969 0.802834 0.564689
0.855976 0.806922 0.571375
0.859515 0.810679 0.577875
0.86392 0.814228 0.584189
0.866373 0.817487 0.590314
0.868772 0.820504 0.596213
0.871471 0.823335 0.601853
0.873074 0.825953 0.607227
0.873932 0.828352 0.612418
0.87544 0.830594 0.617387
0.876533 0.832682 0.622171
0.876866 0.834603 0.626748
0.877196 0.836378 0.631129
0.877265 0.838014 0.635346
0.877978 0.839551 0.639384
0.87822 0.840983 0.643268
0.878249 0.842314 0.646961
0.879207 0.843586 0.650514
0.879237 0.844774 0.65394
0.879957 0.845909 0.657265
0.880909 0.847003 0.660468
0.880587 0.848021 0.663562
0.880449 0.848974 0.666547
0.881159 0.849894 0.669437
0.880859 0.850754 0.672202
0.88156 0.851587 0.674892
0.882139 0.852391 0.677508
0.882334 0.853159 0.680067
0.882444 0.853891 0.68253
