0.761201 0.761201 0.499117
0.728027 0.744614 0.498394
0.695922 0.728383 0.498392
0.702955 0.722026 0.4981
0.715879 0.720797 0.497942
0.729364 0.722225 0.498022
0.714402 0.721107 0.497947
0.706214 0.719245 0.497517
0.729441 0.720378 0.497373
0.718891 0.72023 0.49714
0.725373 0.720697 0.497171
0.691634 0.718275 0.49703
0.699507 0.716832 0.496788
0.718011 0.716916 0.496788
0.715548 0.716825 0.496665
0.683035 0.714713 0.496543
0.691673 0.713357 0.496415
0.695345 0.712357 0.496308
0.684111 0.71087 0.496272
0.673359 0.708995 0.496158
0.674862 0.707369 0.496187
0.664164 0.705405 0.496237
0.682227 0.704398 0.496302
0.678585 0.703322 0.496308
0.692405 0.702885 0.496342
0.702934 0.702887 0.496559
0.690724 0.702437 0.496732
0.681097 0.701675 0.496973
0.702149 0.701691 0.497227
0.689557 0.701287 0.497465
0.672885 0.70037 0.497786
0.692567 0.700127 0.498083
0.689005 0.69979 0.498335
0.677231 0.699126 0.498552
0.678001 0.698522 0.498782
0.67516 0.697873 0.498931
0.656652 0.696759 0.499057
0.666884 0.695973 0.499188
0.66552 0.695192 0.499282
0.659539 0.694301 0.49935
