0.760961 0.760961 0.499991
0.753789 0.757375 0.504727
0.75896 0.757903 0.509187
0.769775 0.760871 0.513874
0.782489 0.765195 0.519025
0.796875 0.770475 0.524779
0.807058 0.775701 0.531093
0.819471 0.781172 0.537823
0.830022 0.7866 0.544792
0.838583 0.791798 0.55188
0.84657 0.796778 0.55894
0.850579 0.801261 0.565844
0.856335 0.805497 0.572614
0.859854 0.80938 0.579168
0.862303 0.812908 0.585439
0.865116 0.816171 0.59147
0.86774 0.819205 0.597276
0.869294 0.821987 0.602858
0.87023 0.824527 0.608229
0.871338 0.826867 0.613391
0.873257 0.829076 0.618356
0.874681 0.831149 0.62313
0.87487 0.83305 0.627748
0.875504 0.834819 0.632162
0.876483 0.836486 0.636411
0.876932 0.838041 0.640468
0.877325 0.839496 0.64437
0.877993 0.840871 0.648126
0.877817 0.842145 0.651743
0.878128 0.843344 0.655222
0.878876 0.844491 0.658588
0.880004 0.8456 0.661816
0.880446 0.846656 0.664932
0.880179 0.847642 0.667935
0.880561 0.848583 0.67083
0.880011 0.849456 0.673613
0.880102 0.850284 0.676318
0.881043 0.851094 0.678945
0.881007 0.851861 0.681494
0.880438 0.852575 0.683964
