0.764309 0.764309 0.500001
0.7544 0.759355 0.504767
0.759877 0.759529 0.509218
0.770711 0.762324 0.513874
0.783395 0.766538 0.518985
0.797764 0.771743 0.524709
0.809641 0.777157 0.530908
0.820889 0.782623 0.537558
0.829621 0.787845 0.544432
0.838223 0.792883 0.5514
0.844128 0.797542 0.558364
0.849042 0.801833 0.565196
0.853763 0.805828 0.571864
0.857365 0.809509 0.578322
0.860295 0.812895 0.58461
0.863676 0.816069 0.590672
0.865795 0.818994 0.596492
0.868273 0.821731 0.602054
0.869916 0.824268 0.607409
0.871287 0.826618 0.612541
0.873204 0.828837 0.617495
0.87506 0.830938 0.622233
0.875585 0.832879 0.626814
0.876657 0.834703 0.631208
0.875888 0.836351 0.635422
0.876946 0.837912 0.63943
0.877423 0.839375 0.643286
0.877737 0.840745 0.646968
0.878437 0.842045 0.650539
0.879214 0.843284 0.653993
0.879766 0.844461 0.657316
0.879313 0.84555 0.660495
0.879801 0.846588 0.663551
0.879803 0.847565 0.666491
0.880464 0.848505 0.669333
0.880846 0.849403 0.672099
0.881785 0.850278 0.674756
0.881532 0.851101 0.67731
0.881631 0.851884 0.679788
0.882747 0.852655 0.682194
