0.752697 0.752697 0.499231
0.73742 0.745059 0.503732
0.749495 0.746538 0.509291
0.764845 0.751114 0.515202
0.765218 0.753935 0.522353
0.793832 0.760585 0.530515
0.811677 0.767884 0.53849
0.826299 0.775185 0.546864
0.825964 0.780827 0.556025
0.831861 0.785931 0.565111
0.830033 0.78994 0.574309
0.837791 0.793928 0.583383
0.824471 0.796277 0.591765
0.849592 0.800085 0.600186
0.83946 0.80271 0.608446
0.838459 0.804945 0.616707
0.83917 0.806958 0.624753
0.841974 0.808903 0.63218
0.872482 0.812249 0.638791
0.872621 0.815268 0.645445
0.864898 0.817631 0.651611
0.880386 0.820484 0.657652
0.870091 0.822641 0.663508
0.869294 0.824585 0.669288
0.87067 0.826428 0.674844
0.870561 0.828125 0.680153
0.870644 0.8297 0.685265
0.861953 0.830852 0.690218
0.861726 0.831917 0.695066
0.86198 0.832919 0.69968
0.861964 0.833856 0.704129
0.861985 0.834735 0.70848
0.863155 0.835596 0.712557
0.863133 0.836406 0.716507
0.861851 0.837133 0.720321
0.861706 0.837815 0.723946
0.86181 0.838464 0.727293
0.861804 0.839078 0.73067
0.861804 0.839661 0.73393
0.861828 0.840215 0.737044
