0.763853 0.763853 0.501014
0.764718 0.764285 0.506374
0.760771 0.763114 0.512298
0.752813 0.760539 0.518764
0.775311 0.763493 0.525827
0.808936 0.771067 0.532856
0.813371 0.77711 0.540561
0.835977 0.784469 0.548337
0.849248 0.791666 0.556199
0.865704 0.79907 0.56319
0.861175 0.804716 0.570361
0.866116 0.809833 0.577245
0.868091 0.814314 0.584457
0.875551 0.818688 0.59056
0.891844 0.823565 0.596699
0.889561 0.82769 0.602622
0.890155 0.831364 0.609008
0.874396 0.833755 0.615135
0.875208 0.835937 0.621311
0.876608 0.83797 0.62687
0.877954 0.839874 0.631737
0.878682 0.841638 0.636763
0.885538 0.843547 0.64172
0.886315 0.845329 0.646357
0.882246 0.846806 0.650813
0.882422 0.848175 0.654809
0.87996 0.849353 0.658759
0.883355 0.850567 0.662858
0.87848 0.85153 0.666884
0.882877 0.852574 0.670467
0.883956 0.853587 0.67412
0.885916 0.854597 0.677539
0.883332 0.855468 0.680619
0.881034 0.85622 0.683319
0.878107 0.856845 0.686017
0.883355 0.857581 0.688636
0.882718 0.858261 0.690937
0.878868 0.858803 0.693139
0.879043 0.859322 0.695411
0.878272 0.859796 0.69756
