0.760345 0.760345 0.500005
0.751463 0.755904 0.504639
0.755581 0.755796 0.509011
0.76713 0.75863 0.513608
0.780773 0.763058 0.518701
0.795096 0.768398 0.524391
0.807388 0.773968 0.530547
0.818078 0.779482 0.537079
0.827013 0.784763 0.54386
0.83654 0.789941 0.550787
0.844 0.794855 0.557716
0.849063 0.799373 0.564498
0.853442 0.803532 0.571147
0.85709 0.807357 0.577619
0.860567 0.810905 0.583834
0.863668 0.814202 0.589864
0.865947 0.817246 0.595688
0.868891 0.820115 0.601306
0.87044 0.822764 0.606695
0.871923 0.825222 0.611904
0.873172 0.827505 0.616869
0.875283 0.829677 0.621639
0.876155 0.831698 0.626212
0.876796 0.833577 0.630624
0.877282 0.835325 0.634831
0.878634 0.836991 0.638885
0.878939 0.838544 0.642782
0.879873 0.84002 0.646528
0.880209 0.841406 0.650148
0.880171 0.842698 0.653634
0.88068 0.843924 0.656978
0.881165 0.845087 0.660219
0.880917 0.846173 0.663332
0.880795 0.847191 0.666328
0.880723 0.848149 0.669234
0.88131 0.849071 0.672036
0.881013 0.849934 0.674738
0.881362 0.850761 0.677367
0.881276 0.851543 0.679911
0.881253 0.852286 0.682349
