0.775101 0.775101 0.498821
0.747273 0.761187 0.50425
0.744829 0.755734 0.509367
0.750546 0.754437 0.514799
0.740538 0.751657 0.52116
0.764724 0.753835 0.528634
0.773509 0.756646 0.5357
0.79028 0.76085 0.543289
0.787374 0.763797 0.551716
0.784745 0.765892 0.560364
0.777922 0.766986 0.568766
0.787396 0.768686 0.576804
0.797347 0.770891 0.584348
0.801443 0.773073 0.591251
0.826141 0.776611 0.597802
0.83493 0.780256 0.604459
0.838798 0.7837 0.610966
0.840999 0.786883 0.617028
0.838852 0.789618 0.623316
0.845574 0.792416 0.62933
0.832371 0.794319 0.635057
0.844857 0.796616 0.640424
0.843374 0.798649 0.645583
0.84411 0.800543 0.650555
0.849646 0.802507 0.655287
0.840235 0.803958 0.659894
0.846364 0.805529 0.664141
0.848261 0.807055 0.668119
0.841128 0.80823 0.672047
0.849379 0.809602 0.675956
0.84988 0.810901 0.679715
0.848303 0.81207 0.683438
0.848812 0.813183 0.686982
0.852426 0.814337 0.690365
0.85316 0.815447 0.693677
0.853175 0.816495 0.69699
0.851207 0.817433 0.700152
0.852035 0.818343 0.703186
0.85113 0.819184 0.70611
0.851152 0.819983 0.708954
