0.776271 0.776271 0.499825
0.75491 0.765591 0.503812
0.777107 0.769429 0.506091
0.794531 0.775705 0.509407
0.820419 0.784648 0.513247
0.820002 0.79054 0.516631
0.834821 0.796866 0.520371
0.847298 0.80317 0.524326
0.858091 0.809272 0.527811
0.864941 0.814839 0.530876
0.852172 0.818233 0.53387
0.836361 0.819744 0.536697
0.863358 0.823099 0.540532
0.874812 0.826792 0.544362
0.874971 0.830004 0.547861
0.881318 0.833211 0.55127
0.888913 0.836488 0.554364
0.887085 0.839299 0.557527
0.879811 0.841431 0.56055
0.883507 0.843535 0.563427
0.881656 0.84535 0.565937
0.896909 0.847694 0.568454
0.892434 0.849639 0.570672
0.902005 0.851821 0.573076
0.920592 0.854572 0.57564
0.922317 0.857177 0.57764
0.919188 0.859474 0.579661
0.918061 0.861566 0.581396
0.911582 0.863291 0.583307
0.921323 0.865225 0.5855
0.921664 0.867046 0.587944
0.927521 0.868936 0.589795
0.931912 0.870844 0.591815
0.92942 0.872567 0.593826
0.93147 0.87425 0.595928
0.921837 0.875572 0.597638
0.925191 0.876913 0.599394
0.931957 0.878362 0.601171
0.924382 0.879542 0.602752
0.929874 0.8808 0.60439
