0.768162 0.768162 0.500358
0.763399 0.765781 0.503308
0.819754 0.783772 0.506253
0.804698 0.789003 0.50874
0.822746 0.795752 0.511051
0.836568 0.802554 0.513071
0.802704 0.802576 0.515246
0.803385 0.802677 0.516883
0.832607 0.806002 0.518166
0.843412 0.809743 0.519415
0.838772 0.812382 0.52102
0.849883 0.815507 0.522241
0.879083 0.820398 0.523826
0.88702 0.825157 0.525684
0.908086 0.830685 0.527478
0.919875 0.83626 0.529518
0.925918 0.841534 0.53172
0.907611 0.845205 0.533723
0.913205 0.848784 0.535752
0.894201 0.851054 0.538052
0.908298 0.85378 0.540428
0.913771 0.856507 0.542863
0.914237 0.859017 0.544953
0.912481 0.861245 0.547
0.917665 0.863502 0.548868
0.925887 0.865901 0.550657
0.92908 0.868241 0.552615
0.933672 0.870578 0.554623
0.925957 0.872487 0.556264
0.923887 0.874201 0.557694
0.92129 0.87572 0.559186
0.929823 0.87741 0.560978
0.926604 0.878901 0.562585
0.932988 0.880492 0.563964
0.927958 0.881848 0.565455
0.92039 0.882919 0.56681
0.911499 0.883691 0.568043
0.912359 0.884446 0.569366
0.918926 0.88533 0.570835
0.926005 0.886347 0.57265
