0.763706 0.763706 0.499992
0.753914 0.75881 0.504745
0.757874 0.758498 0.50915
0.769128 0.761156 0.513806
0.784513 0.765827 0.518946
0.799239 0.771396 0.524631
0.811644 0.777146 0.530833
0.822802 0.782853 0.53746
0.831311 0.788237 0.544331
0.839788 0.793392 0.551349
0.847243 0.798288 0.558365
0.852824 0.802832 0.565325
0.856308 0.806946 0.57216
0.860069 0.81074 0.578769
0.862937 0.81422 0.585117
0.865031 0.817396 0.591242
0.868546 0.820405 0.597192
0.870671 0.823197 0.60293
0.871475 0.825738 0.60843
0.872924 0.828097 0.613639
0.874076 0.830287 0.618628
0.874613 0.832302 0.623417
0.875458 0.834178 0.627998
0.875912 0.835917 0.632388
0.876729 0.837549 0.63658
0.876888 0.839062 0.640632
0.877657 0.840492 0.644518
0.878134 0.841836 0.648255
0.878832 0.843112 0.651865
0.88006 0.844344 0.655339
0.880518 0.84551 0.658684
0.880588 0.846607 0.661902
0.880907 0.847646 0.665013
0.881553 0.848643 0.668007
0.881804 0.849591 0.670889
0.881812 0.850486 0.673653
0.882247 0.851344 0.676338
0.882529 0.852165 0.678932
0.882233 0.852936 0.681432
0.883024 0.853688 0.68387
