0.772728 0.772728 0.502164
0.758256 0.765492 0.501854
0.769785 0.766923 0.501164
0.745263 0.761508 0.500953
0.754832 0.760173 0.500922
0.73611 0.756162 0.500946
0.703772 0.748678 0.500893
0.689531 0.741285 0.500917
0.698244 0.736502 0.500989
0.690018 0.731854 0.500909
0.656357 0.724991 0.50083
0.666366 0.720105 0.500938
0.669514 0.716214 0.500848
0.6584 0.712084 0.500708
0.684426 0.71024 0.500691
0.685047 0.708666 0.500808
0.660559 0.705836 0.500784
0.661153 0.703353 0.500669
0.641007 0.700072 0.500486
0.62132 0.696134 0.500401
0.634266 0.693188 0.500352
0.674497 0.692339 0.500277
0.661977 0.691019 0.500245
0.659418 0.689702 0.500167
0.663485 0.688653 0.500126
0.64533 0.686987 0.499944
0.626579 0.68475 0.499807
0.655992 0.683723 0.499659
0.690496 0.683956 0.499694
0.665495 0.683341 0.499716
0.710619 0.684221 0.499776
0.641885 0.682898 0.499788
0.64527 0.681757 0.499779
0.657523 0.681045 0.499766
0.662498 0.680515 0.49978
0.650606 0.679684 0.499747
0.661866 0.679202 0.499749
0.663199 0.678781 0.499708
0.645912 0.677938 0.499662
0.634369 0.676849 0.499588
