0.770161 0.770161 0.500605
0.724284 0.747223 0.503933
0.730883 0.741776 0.506957
0.74583 0.74279 0.509558
0.775499 0.749331 0.512992
0.800046 0.757784 0.517007
0.813563 0.765752 0.520706
0.824312 0.773072 0.524496
0.843392 0.780886 0.529052
0.841097 0.786907 0.534623
0.847227 0.79239 0.540191
0.861282 0.798131 0.546243
0.860501 0.802929 0.552297
0.888387 0.809033 0.557671
0.889823 0.814419 0.563065
0.886051 0.818896 0.568317
0.884904 0.822779 0.573138
0.878071 0.825851 0.578017
0.874766 0.828425 0.583106
0.869387 0.830473 0.588097
0.868085 0.832264 0.592679
0.858728 0.833467 0.596972
0.851681 0.834259 0.6017
0.858685 0.835277 0.606455
0.856529 0.836127 0.610861
0.857248 0.836939 0.614886
0.862163 0.837874 0.619117
0.863371 0.838784 0.62322
0.856123 0.839382 0.626764
0.859944 0.840067 0.630426
0.853285 0.840494 0.634117
0.859322 0.841082 0.637667
0.855169 0.841509 0.641129
0.852907 0.841844 0.644759
0.857695 0.842297 0.648194
0.855819 0.842673 0.651238
0.854901 0.843003 0.65432
0.851692 0.843232 0.657354
0.853106 0.843485 0.660308
0.852348 0.843707 0.663006
