0.780263 0.780263 0.502144
0.772333 0.776298 0.506371
0.772695 0.775097 0.509272
0.785288 0.777645 0.513056
0.782837 0.778683 0.516804
0.809618 0.783839 0.520939
0.834636 0.791096 0.526139
0.848008 0.79821 0.531357
0.870096 0.806197 0.536335
0.883324 0.81391 0.542247
0.896444 0.821413 0.548897
0.902597 0.828178 0.555352
0.905464 0.834123 0.561825
0.907395 0.839357 0.568167
0.910104 0.844073 0.575051
0.914852 0.848497 0.581362
0.921822 0.85281 0.587802
0.920839 0.85659 0.593744
0.924025 0.860139 0.599471
0.929736 0.863619 0.605516
0.928407 0.866704 0.612011
0.929969 0.86958 0.618109
0.933834 0.872373 0.623635
0.921975 0.87444 0.628808
0.922987 0.876382 0.634128
0.920476 0.878078 0.639046
0.921077 0.87967 0.643908
0.916494 0.880986 0.648449
0.914394 0.882138 0.653139
0.913202 0.883173 0.65756
0.911113 0.884074 0.661576
0.91963 0.885185 0.665449
0.919423 0.886223 0.669077
0.919571 0.887204 0.672763
0.918534 0.888099 0.676481
0.918428 0.888941 0.679991
0.917972 0.889726 0.683288
0.915688 0.890409 0.686532
0.921315 0.891202 0.689776
0.916917 0.891845 0.69291
