0.760016 0.760016 0.499845
0.758466 0.759241 0.504025
0.765199 0.761227 0.507583
0.779564 0.765811 0.511102
0.794905 0.77163 0.514852
0.810637 0.778131 0.518912
0.823919 0.784672 0.523365
0.835381 0.791011 0.528155
0.846006 0.797121 0.533254
0.854191 0.802828 0.538568
0.86143 0.808156 0.544035
0.866587 0.813025 0.549548
0.870601 0.817454 0.555072
0.874472 0.821527 0.560583
0.878002 0.825292 0.566049
0.880965 0.828771 0.571405
0.883752 0.832005 0.576709
0.884431 0.834918 0.58188
0.886002 0.837607 0.586938
0.886463 0.840049 0.59187
0.887448 0.842307 0.596655
0.888364 0.8444 0.601334
0.888922 0.846336 0.605866
0.88868 0.8481 0.610238
0.88973 0.849765 0.614467
0.890866 0.851346 0.618549
0.891124 0.852819 0.62252
0.89078 0.854175 0.626391
0.891496 0.855462 0.63014
0.891915 0.856677 0.633771
0.891755 0.857809 0.637279
0.891396 0.858858 0.640695
0.891537 0.859849 0.644006
0.891526 0.86078 0.647223
0.891307 0.861652 0.650342
0.891972 0.862495 0.6534
0.892023 0.863293 0.656362
0.891616 0.864038 0.659235
0.891399 0.86474 0.662016
0.891923 0.865419 0.664707
