0.762289 0.762289 0.500014
0.760442 0.761366 0.504168
0.769663 0.764131 0.507844
0.783692 0.769022 0.511489
0.799331 0.775084 0.515314
0.81294 0.781393 0.519521
0.826657 0.787859 0.524085
0.83777 0.794098 0.528989
0.848003 0.800087 0.534189
0.856149 0.805694 0.539601
0.862509 0.810859 0.545111
0.86751 0.81558 0.550728
0.872804 0.819981 0.556351
0.876121 0.823991 0.561946
0.879472 0.82769 0.567494
0.882552 0.831119 0.572996
0.88518 0.834299 0.5784
0.887186 0.837237 0.583678
0.88858 0.839939 0.588877
0.889783 0.842432 0.59393
0.890748 0.844732 0.598849
0.891776 0.846871 0.603621
0.892169 0.84884 0.608245
0.893045 0.850682 0.612727
0.893407 0.852391 0.617088
0.894494 0.85401 0.621324
0.894245 0.855501 0.625431
0.894254 0.856885 0.629404
0.8944 0.858178 0.633255
0.894998 0.859406 0.636992
0.89565 0.860575 0.640607
0.896287 0.861691 0.644117
0.89584 0.862726 0.647518
0.896318 0.863714 0.65082
0.895939 0.864634 0.654037
0.895732 0.865498 0.657139
0.895803 0.866317 0.660161
0.895912 0.867096 0.663087
0.895863 0.867834 0.66592
0.896135 0.868541 0.668664
