0.755929 0.755929 0.498637
0.729083 0.742506 0.503408
0.749212 0.744741 0.507019
0.753605 0.746957 0.510411
0.773451 0.752256 0.514016
0.806538 0.761303 0.518009
0.867302 0.776446 0.522207
0.850007 0.785641 0.526863
0.867774 0.794767 0.531478
0.867414 0.802031 0.536344
0.862856 0.807561 0.540983
0.847545 0.810893 0.545979
0.871146 0.815528 0.551585
0.898231 0.821435 0.556865
0.895669 0.826384 0.562546
0.909031 0.83155 0.568195
0.906795 0.835976 0.573695
0.910284 0.840104 0.578638
0.904879 0.843513 0.583833
0.911142 0.846895 0.589082
0.916487 0.850209 0.593585
0.916367 0.853216 0.598
0.913783 0.855849 0.60255
0.924046 0.858691 0.607239
0.910883 0.860778 0.611418
0.917344 0.862954 0.615357
0.92277 0.865169 0.619191
0.922925 0.867232 0.623559
0.929848 0.869391 0.627654
0.928508 0.871362 0.631464
0.920009 0.872931 0.634991
0.922971 0.874495 0.638432
0.916284 0.875761 0.64167
0.917577 0.876991 0.644843
0.923495 0.87832 0.647918
0.913076 0.879285 0.650872
0.917425 0.880316 0.653986
0.917555 0.881296 0.657036
0.908935 0.882005 0.659731
0.901126 0.882483 0.662384
