0.759974 0.759974 0.499937
0.76313 0.761552 0.503586
0.775228 0.766111 0.506411
0.787335 0.771417 0.508857
0.80037 0.777207 0.511185
0.814959 0.783499 0.513431
0.826666 0.789666 0.515654
0.835706 0.795421 0.517835
0.844834 0.800911 0.520014
0.852338 0.806054 0.522165
0.860463 0.811 0.524279
0.86735 0.815696 0.526374
0.874409 0.820212 0.528434
0.880657 0.82453 0.530455
0.885104 0.828568 0.532437
0.888779 0.832331 0.534407
0.89357 0.835934 0.53636
0.897563 0.839357 0.538297
0.901225 0.842614 0.540229
0.906309 0.845798 0.542132
0.908732 0.848795 0.544004
0.91064 0.851606 0.545854
0.913158 0.854282 0.54772
0.915223 0.856822 0.549556
0.917081 0.859232 0.551383
0.919178 0.861538 0.553236
0.920236 0.863712 0.555073
0.921917 0.86579 0.556908
0.924182 0.867804 0.558738
0.925558 0.869729 0.560569
0.927292 0.871586 0.562435
0.927925 0.873347 0.564297
0.929305 0.875042 0.566168
0.930225 0.876665 0.568056
0.931543 0.878233 0.569952
0.931624 0.879716 0.571847
0.933386 0.881167 0.573718
0.933501 0.882544 0.575602
0.934571 0.883878 0.577476
0.93482 0.885152 0.579359
