0.760635 0.760635 0.499914
0.763404 0.76202 0.50353
0.776786 0.766942 0.506319
0.790416 0.77281 0.50881
0.804175 0.779083 0.511156
0.817126 0.785424 0.513426
0.827145 0.791384 0.515679
0.83629 0.796997 0.517892
0.845468 0.802383 0.520059
0.855839 0.807728 0.522196
0.862228 0.812683 0.524304
0.869841 0.817446 0.526375
0.876459 0.821986 0.528441
0.881996 0.826272 0.53048
0.887324 0.830342 0.532503
0.891577 0.834169 0.53449
0.896492 0.837835 0.536442
0.899524 0.841262 0.538374
0.902673 0.844495 0.540302
0.906354 0.847588 0.542196
0.908842 0.850504 0.544102
0.912097 0.853304 0.546006
0.913472 0.85592 0.547901
0.916202 0.858432 0.549771
0.917634 0.8608 0.551631
0.919473 0.863057 0.553498
0.921991 0.865239 0.555343
0.923968 0.867337 0.557183
0.92565 0.869348 0.559015
0.92692 0.871267 0.560853
0.928328 0.873107 0.562699
0.928959 0.874853 0.564513
0.929787 0.876517 0.566319
0.931258 0.878127 0.568152
0.932106 0.87967 0.569991
0.932996 0.881151 0.571822
0.933268 0.88256 0.573681
0.933812 0.883908 0.575529
0.934347 0.885202 0.577388
0.934939 0.886445 0.579227
