0.762219 0.762219 0.499971
0.758491 0.760355 0.504104
0.768228 0.76298 0.507684
0.781269 0.767552 0.511257
0.79703 0.773448 0.515039
0.812311 0.779925 0.519178
0.825411 0.786423 0.523702
0.83727 0.792779 0.528578
0.846572 0.798756 0.533755
0.854904 0.804371 0.539147
0.862447 0.80965 0.544676
0.868856 0.814584 0.550284
0.873927 0.819149 0.555929
0.877588 0.823323 0.56156
0.880415 0.827129 0.567129
0.882847 0.830612 0.572626
0.885321 0.83383 0.578054
0.886643 0.836764 0.583387
0.888406 0.839482 0.588552
0.889686 0.841992 0.593587
0.890557 0.844305 0.598491
0.892434 0.846492 0.603238
0.892395 0.848488 0.607856
0.893564 0.850366 0.612348
0.893601 0.852096 0.616685
0.894506 0.853727 0.620864
0.894479 0.855236 0.624924
0.894138 0.856626 0.628875
0.894826 0.857943 0.632706
0.894752 0.85917 0.636423
0.894968 0.860325 0.640015
0.895357 0.861419 0.643494
0.89541 0.862449 0.646853
0.896192 0.863442 0.650106
0.89588 0.864369 0.653232
0.895771 0.865241 0.65626
0.895967 0.866071 0.659195
0.895468 0.866845 0.662053
0.895435 0.867578 0.664829
0.895064 0.868265 0.667525
