0.728138 0.728138 0.49995
0.757386 0.742762 0.504262
0.7964 0.760641 0.507611
0.811735 0.773415 0.510116
0.817602 0.782252 0.512833
0.792819 0.784013 0.515692
0.823103 0.789597 0.518351
0.842891 0.796259 0.520606
0.823361 0.799271 0.523025
0.846752 0.804019 0.525183
0.858671 0.808987 0.52771
0.843633 0.811874 0.529659
0.847803 0.814638 0.531477
0.86177 0.818005 0.533437
0.866199 0.821217 0.535077
0.860773 0.82369 0.536492
0.867199 0.826249 0.537892
0.872446 0.828816 0.539481
0.900487 0.832588 0.541157
0.888832 0.8354 0.542895
0.888612 0.837934 0.54493
0.89205 0.840394 0.546757
0.897042 0.842857 0.54876
0.898623 0.84518 0.550706
0.910803 0.847805 0.552401
0.88857 0.849373 0.554067
0.900573 0.851269 0.555785
0.914327 0.853521 0.557702
0.910984 0.855503 0.55957
0.912691 0.857409 0.561245
0.914678 0.859257 0.562758
0.916503 0.861045 0.564503
0.914799 0.862674 0.56645
0.91363 0.864173 0.568508
0.914799 0.86562 0.570363
0.904182 0.866691 0.572151
0.921407 0.868169 0.574223
0.920027 0.869534 0.576292
0.923266 0.870912 0.57843
0.917414 0.872074 0.580274
