0.76191 0.76191 0.500138
0.754607 0.758259 0.504931
0.758976 0.758498 0.509341
0.769124 0.761154 0.513868
0.780785 0.76508 0.51889
0.795056 0.770076 0.524432
0.806094 0.775222 0.530534
0.818361 0.780614 0.537022
0.829494 0.786045 0.543808
0.837477 0.791189 0.550638
0.844184 0.796006 0.55744
0.849794 0.800489 0.564151
0.854008 0.804605 0.570721
0.857669 0.808396 0.577137
0.862266 0.811987 0.583317
0.864282 0.815256 0.589312
0.866565 0.818274 0.595067
0.868891 0.821086 0.600627
0.870645 0.823694 0.605987
0.871121 0.826066 0.611144
0.872844 0.828293 0.616107
0.874172 0.830378 0.620856
0.875624 0.832346 0.625419
0.876833 0.834199 0.629802
0.876864 0.835906 0.634017
0.877889 0.837521 0.638045
0.87799 0.839019 0.641909
0.878216 0.840419 0.645649
0.878429 0.84173 0.649268
0.879199 0.842979 0.652764
0.879375 0.844153 0.656122
0.879513 0.845258 0.659359
0.88009 0.846314 0.662482
0.880063 0.847306 0.6655
0.879799 0.848235 0.668418
0.880303 0.849125 0.671238
0.880379 0.84997 0.673961
0.880755 0.85078 0.676584
0.881323 0.851563 0.679126
0.88182 0.85232 0.681574
