0.768145 0.768145 0.499065
0.750836 0.75949 0.504371
0.759704 0.759562 0.508586
0.779625 0.764577 0.512531
0.792681 0.770198 0.516692
0.810357 0.776891 0.521646
0.827131 0.784068 0.526746
0.865914 0.794299 0.532682
0.876163 0.803395 0.538458
0.885846 0.81164 0.544217
0.892946 0.819032 0.549801
0.882633 0.824332 0.555198
0.886112 0.829084 0.560911
0.891447 0.833539 0.566992
0.896376 0.837728 0.572533
0.902452 0.841773 0.578309
0.911866 0.845896 0.584127
0.911343 0.849532 0.589717
0.915025 0.852979 0.59459
0.912686 0.855964 0.599389
0.911556 0.858612 0.604307
0.91205 0.861041 0.609526
0.914498 0.863365 0.614889
0.909677 0.865295 0.619834
0.913154 0.867209 0.624428
0.912717 0.868959 0.628817
0.914911 0.870661 0.633064
0.915234 0.872253 0.637436
0.916001 0.873762 0.641661
0.913932 0.875101 0.64579
0.91563 0.876408 0.649579
0.91536 0.877625 0.653302
0.918566 0.878866 0.657099
0.918863 0.880042 0.660477
0.918428 0.881139 0.664072
0.915562 0.882095 0.667876
0.916965 0.883038 0.671411
0.916988 0.883931 0.674969
0.917043 0.88478 0.67838
0.912657 0.885477 0.681759
