0.761736 0.761736 0.499965
0.758644 0.76019 0.50411
0.765984 0.762121 0.507658
0.779791 0.766539 0.511206
0.794128 0.772056 0.51495
0.808734 0.778169 0.519028
0.822611 0.784518 0.52352
0.834715 0.790793 0.528334
0.844786 0.796792 0.533484
0.852879 0.802401 0.538845
0.859824 0.807621 0.544315
0.865999 0.812486 0.549883
0.869589 0.816878 0.555491
0.87334 0.820911 0.561043
0.877408 0.824678 0.566508
0.880503 0.828167 0.571896
0.882517 0.831364 0.577195
0.884051 0.834291 0.582361
0.885781 0.837001 0.587403
0.88706 0.839504 0.592279
0.888625 0.841843 0.597074
0.889649 0.844016 0.60175
0.889726 0.846003 0.606302
0.889719 0.847825 0.610715
0.889185 0.849479 0.615002
0.889793 0.85103 0.619126
0.890609 0.852496 0.623144
0.891389 0.853885 0.627044
0.891755 0.855191 0.630828
0.89152 0.856402 0.634494
0.891422 0.857531 0.638019
0.891654 0.858598 0.641443
0.891621 0.859598 0.644757
0.891843 0.860547 0.647975
0.892341 0.861455 0.651097
0.892078 0.862306 0.654116
0.892469 0.863121 0.657046
0.892656 0.863898 0.659885
0.89289 0.864642 0.662655
0.892646 0.865342 0.665353
