44.246948
15.746428
-18.170484
60.85555
8.494685
58.149878
-0.988957
36.452329
150.48593
22.09237
31.938493
-96.607958
87.958131
-17.968054
-91.102287
38.770806
370.71563
-40.660217
17.968386
14.210679
-26.575964
-52.91148
-1.13656
-4.527588
20.808773
20.91313
-50.200212
3.714473
-24.189978
-33.156666
6.904537
-7.367579
55.679754
8.95077
-48.242922
36.910931
-54.155431
92.29806
50.105238
139.95815
-26.129542
-22.113356
10.057722
-71.53289
-46.480667
5.631592
-12.182667
435.30403
38.497986
45.382372
