-32.868801
17.704605
23.219121
-23.321071
-34.873354
69.845631
-1.128989
38.489794
63.889275
44.724493
-62.886653
17.227482
-18.492338
-58.856117
-19.423629
-12.679723
21.67697
-30.997776
-17.115522
-35.122422
11.379611
50.439423
-2.735559
38.878585
-63.468482
37.53374
51.661356
13.452661
-39.096403
1.8453
-73.274406
-32.439585
-8.89364
4.52557
35.660181
-12.41826
16.499165
-13.133639
-34.824429
39.65221
-0.996115
5.729909
-23.596515
-14.353499
-0.933712
-18.777611
22.28973
16.651155
14.417831
-12.29663
