-68.758634
36.87257
27.25417
52.9939
7.110191
-38.826023
-47.905484
18.619979
-5.830181
-61.401583
-45.471112
15.804342
35.536863
32.360018
21.38654
-56.129139
-58.604516
-36.971371
15.321079
45.025216
12.585807
62.812351
-13.923117
68.355876
-6.809714
-3.070914
52.054395
-12.937843
-58.921409
44.322708
53.222307
13.568499
56.742819
75.807462
72.478209
20.827512
25.931522
18.93885
11.186914
-2.009309
-60.753646
-27.609945
-71.819031
-27.609945
10.99762
-74.406848
-76.718353
11.025222
92.546837
77.777435
