79.368355
-46.83143
46.725448
-0.262697
-36.343358
97.278871
-49.740935
-74.889598
-45.584941
7.293881
-43.690148
35.436421
-22.690807
26.036649
371.76528
31.062828
-682.61301
-43.57629
0.964755
20.52181
-12.873553
-7.566274
19.742886
104.78302
13.978915
40.897652
-81.091987
-43.812135
18.377923
12.621259
60.140109
23.599967
-10.244647
-27.384573
-50.029439
-19.487756
11.257308
25.064649
58.669213
-39.50328
66.463423
5.635684
-22.611509
12.042941
50.388702
-45.293785
-53.51071
102.29804
0.296066
25.287294
