-78.90391
-37.49734
-72.514511
-84.50911
-56.266797
-88.90737
86.752128
13.513799
43.874105
31.909039
9.302975
-3.507561
73.146471
0.063026
-52.74829
-88.76346
-87.692647
-0.653774
-50.105795
97.39489
-22.678728
46.205247
-80.838916
73.735408
102.70986
110.51483
31.884044
-28.741703
35.294076
69.076141
-21.288357
-50.230582
101.57483
-74.365747
68.826092
74.453975
-10.175491
12.669764
2.924628
-100.34672
31.976056
-25.277876
-48.454973
70.244259
4.424709
5.698359
59.446551
100.70036
-1.186125
-153.05813
