51.088974
-27.861818
65.699558
-18.237009
12.274055
9.202942
-76.126295
-32.680609
17.57918
-8.022697
-65.772447
-56.18746
-7.110627
-3.324661
-86.838445
26.782853
17.579752
25.245991
25.245991
16.980626
4.84729
-23.655073
66.680153
3.471774
0.269728
19.563672
-27.284742
8.933945
8.933945
-17.916205
-40.309959
-44.693341
-41.619988
-36.2647
40.789297
45.827322
-65.245615
-62.204471
-18.122581
71.432704
-5.731543
-11.704772
16.779628
-90.67494
50.179054
-55.427485
51.785146
51.785146
-27.869535
53.932465
