39.226101
42.297309
-19.016051
11.765661
-13.512989
41.309872
-13.146755
38.909804
42.061773
21.03361
9.496132
21.350207
-10.607088
42.28166
-6.891106
-40.014238
12.4447
67.500865
1.865184
-11.58077
71.650098
-47.150635
-28.447611
-7.078431
12.601452
-61.177278
-24.875455
-16.540767
-5.683923
-39.259548
21.681335
9.410767
15.972878
4.938435
39.314158
27.743048
-5.747709
-14.42552
32.725821
24.491666
-15.631593
9.136682
-41.299294
-7.597853
34.692818
46.338822
16.416958
-43.837628
24.196186
-55.25372
