69.10652
-11.8544
-4.411846
-2.563453
14.443429
-17.434114
-50.430498
82.746359
-53.058422
-47.29428
-9.111497
27.4598
26.799191
-35.60354
-1.58567
-76.391352
-36.583802
49.438036
-43.307018
-42.856138
-55.692466
-33.124337
-29.867179
-36.530408
36.156822
-6.032411
-33.855742
15.325886
94.631081
-27.861474
31.04808
-53.152213
-3.559373
-40.646443
19.845867
-31.091895
51.576849
-48.765339
18.284103
61.844932
46.525643
-56.878703
-90.536251
80.795186
6.574705
18.716417
15.616371
14.442702
51.037965
-65.514722
