0.771507 0.771507 0.498215
0.807027 0.789267 0.503114
0.836046 0.80486 0.507277
0.866101 0.82017 0.510731
0.894303 0.834997 0.514648
0.924734 0.849953 0.520087
0.930929 0.861521 0.524782
0.941506 0.871519 0.530099
0.949117 0.880141 0.53589
0.95801 0.887928 0.541447
0.961009 0.894572 0.545604
0.961012 0.900108 0.549637
0.967453 0.905289 0.553229
0.967453 0.909729 0.556132
0.967453 0.913577 0.559179
0.969131 0.917049 0.562474
0.972374 0.920304 0.565526
0.974112 0.923293 0.568533
0.974624 0.925995 0.57137
0.974957 0.928443 0.573812
0.975875 0.930702 0.575939
0.976548 0.932785 0.577682
0.978066 0.934754 0.579436
0.978066 0.936559 0.580942
0.978354 0.938231 0.582382
0.979109 0.939803 0.584115
0.979584 0.941276 0.585638
0.979584 0.942644 0.586593
0.979584 0.943918 0.587667
0.979584 0.945107 0.588805
0.979584 0.946219 0.589884
0.980225 0.947282 0.590598
0.980239 0.948281 0.591767
0.980485 0.949228 0.592782
0.980718 0.950128 0.59406
0.980718 0.950977 0.595368
0.980836 0.951784 0.596263
0.981359 0.952563 0.597317
0.981807 0.953312 0.598474
0.982389 0.954039 0.599722
