0.762524 0.762524 0.500104
0.791792 0.777158 0.50568
0.829751 0.794689 0.509762
0.856583 0.810163 0.513061
0.866048 0.82134 0.516136
0.87024 0.82949 0.519901
0.878127 0.836438 0.523095
0.886193 0.842657 0.527029
0.886193 0.847495 0.530559
0.886193 0.851364 0.535124
0.896385 0.855457 0.53993
0.899983 0.859168 0.545301
0.907531 0.862888 0.550249
0.907531 0.866077 0.555217
0.907531 0.86884 0.559336
0.907531 0.871258 0.563441
0.911943 0.873652 0.567942
0.911943 0.875779 0.572
0.912199 0.877696 0.576299
0.915429 0.879583 0.580125
0.917183 0.881373 0.583684
0.917183 0.883001 0.586895
0.917183 0.884487 0.58986
0.917183 0.885849 0.592635
0.917183 0.887103 0.59541
0.917183 0.888259 0.59827
0.917183 0.889331 0.601098
0.917304 0.89033 0.603607
0.917304 0.89126 0.605881
0.917304 0.892128 0.608125
0.917304 0.89294 0.610822
0.917304 0.893702 0.613916
0.917304 0.894417 0.61674
0.918564 0.895127 0.619322
0.919655 0.895828 0.621785
0.919655 0.89649 0.62408
0.919655 0.897116 0.626318
0.919655 0.897709 0.628669
0.924241 0.898389 0.631061
0.925587 0.899069 0.63296
