0.500029 0.500029 0.5
0.500029 0.500029 0.500002
0.50003 0.500029 0.500003
0.50003 0.50003 0.500003
0.500031 0.50003 0.500004
0.500031 0.50003 0.500004
0.500031 0.50003 0.500004
0.500031 0.50003 0.500005
0.500031 0.50003 0.500005
0.500032 0.500031 0.500005
0.500032 0.500031 0.500005
0.500032 0.500031 0.500005
0.500032 0.500031 0.500005
0.500032 0.500031 0.500005
0.500032 0.500031 0.500005
0.500033 0.500031 0.500005
0.500033 0.500031 0.500005
0.500033 0.500031 0.500005
0.500034 0.500032 0.500005
0.500034 0.500032 0.500005
0.500034 0.500032 0.500006
0.500034 0.500032 0.500006
0.500034 0.500032 0.500006
0.500034 0.500032 0.500006
0.500035 0.500032 0.500006
0.500035 0.500032 0.500006
0.500036 0.500032 0.500006
0.500036 0.500033 0.500006
0.500036 0.500033 0.500006
0.500036 0.500033 0.500006
0.500036 0.500033 0.500006
0.500036 0.500033 0.500006
0.500037 0.500033 0.500006
0.500037 0.500033 0.500006
0.500037 0.500033 0.500006
0.500037 0.500033 0.500006
0.500038 0.500034 0.500006
0.500038 0.500034 0.500006
0.500038 0.500034 0.500006
0.500039 0.500034 0.500006
