0.501742 0.501742 0.500035
0.504407 0.503074 0.500072
0.506636 0.504261 0.50014
0.508154 0.505235 0.500229
0.509656 0.506119 0.500292
0.515415 0.507668 0.500388
0.516378 0.508913 0.500499
0.518905 0.510162 0.500611
0.522701 0.511555 0.50074
0.524186 0.512818 0.500884
0.524816 0.513909 0.500997
0.525462 0.514872 0.501114
0.526725 0.515783 0.501248
0.529122 0.516736 0.501398
0.530833 0.517676 0.501522
0.53284 0.518624 0.501642
0.53336 0.519491 0.501767
0.53568 0.52039 0.501899
0.536285 0.521227 0.502042
0.537531 0.522042 0.502193
0.538452 0.522823 0.50235
0.541351 0.523665 0.502511
0.542791 0.524497 0.502655
0.544011 0.52531 0.502804
0.544857 0.526092 0.502956
0.547199 0.526904 0.503116
0.549089 0.527725 0.503284
0.549816 0.528514 0.503425
0.552213 0.529332 0.503615
0.552714 0.530111 0.50379
0.554017 0.530882 0.503944
0.556439 0.531681 0.504062
0.557402 0.53246 0.504212
0.557457 0.533195 0.504378
0.557565 0.533892 0.504545
0.558584 0.534578 0.504723
0.560863 0.535288 0.504896
0.561665 0.535982 0.505069
0.562293 0.536657 0.505235
0.563539 0.537329 0.505396
