0.50003 0.50003 0.5
0.500084 0.500057 0.500002
0.500103 0.500072 0.500003
0.50011 0.500082 0.500005
0.50013 0.500091 0.500006
0.500135 0.500099 0.500007
0.500166 0.500108 0.500009
0.500184 0.500118 0.50001
0.500198 0.500127 0.500012
0.50021 0.500135 0.500013
0.500211 0.500142 0.500015
0.500252 0.500151 0.500016
0.500252 0.500159 0.500017
0.500257 0.500166 0.500018
0.500259 0.500172 0.50002
0.500261 0.500178 0.500021
0.500268 0.500183 0.500022
0.500274 0.500188 0.500023
0.500285 0.500193 0.500024
0.500289 0.500198 0.500025
0.500304 0.500203 0.500026
0.500308 0.500208 0.500027
0.500309 0.500212 0.500029
0.50031 0.500216 0.50003
0.500312 0.50022 0.500031
0.500317 0.500224 0.500032
0.500317 0.500227 0.500033
0.500318 0.50023 0.500033
0.500318 0.500233 0.500034
0.500318 0.500236 0.500035
0.500324 0.500239 0.500036
0.500329 0.500242 0.500037
0.500329 0.500245 0.500038
0.500332 0.500247 0.500039
0.500334 0.50025 0.500039
0.500337 0.500252 0.50004
0.500338 0.500254 0.500041
0.500345 0.500257 0.500041
0.500345 0.500259 0.500042
0.500351 0.500261 0.500043
