0.521956 0.521956 0.499961
0.522023 0.52199 0.50038
0.528361 0.524113 0.500656
0.530252 0.525648 0.500884
0.538218 0.528162 0.501157
0.543611 0.530737 0.50146
0.545599 0.53286 0.501671
0.56274 0.536595 0.501928
0.569717 0.540275 0.502147
0.586462 0.544894 0.502459
0.596154 0.549554 0.502816
0.601127 0.553852 0.503236
0.604046 0.557713 0.503696
0.612498 0.561626 0.504193
0.621819 0.565639 0.504673
0.637404 0.570124 0.505228
0.641178 0.574304 0.505822
0.64386 0.578168 0.506432
0.646906 0.581786 0.507088
0.653602 0.585377 0.507857
0.65718 0.588796 0.508687
0.658843 0.59198 0.509419
0.674492 0.595567 0.510281
0.676485 0.598939 0.511098
0.676485 0.602041 0.511964
0.677739 0.604952 0.51289
0.6805 0.60775 0.513828
0.684201 0.610481 0.514807
0.69373 0.613351 0.515809
0.697084 0.616142 0.516822
0.701543 0.618897 0.517931
0.709768 0.621737 0.519123
0.713716 0.624524 0.520335
0.714952 0.627184 0.521458
0.716559 0.629737 0.522578
0.720139 0.632249 0.523731
0.720406 0.634631 0.524921
0.721545 0.636918 0.526012
0.727875 0.639251 0.526957
0.727875 0.641466 0.527897
