0.520884 0.520884 0.500018
0.534107 0.527495 0.500394
0.538169 0.531053 0.50074
0.54694 0.535025 0.501178
0.566219 0.541264 0.501656
0.589263 0.549264 0.502216
0.596835 0.55606 0.503052
0.6066 0.562377 0.503683
0.620111 0.568792 0.504544
0.624376 0.57435 0.505609
0.640207 0.580337 0.506707
0.641543 0.585438 0.507739
0.644976 0.590018 0.508678
0.656465 0.594764 0.509393
0.657462 0.598944 0.510237
0.665419 0.603098 0.51107
0.668817 0.606964 0.511795
0.675169 0.610753 0.512782
0.675169 0.614144 0.513681
0.681204 0.617497 0.514506
0.683425 0.620636 0.515408
0.684176 0.623524 0.516167
0.685382 0.626214 0.516932
0.685709 0.628693 0.51778
0.692656 0.631251 0.518433
0.692704 0.633615 0.519178
0.697248 0.635972 0.519906
0.699152 0.638228 0.520594
0.702035 0.640428 0.521344
0.704296 0.642557 0.52206
0.706394 0.644617 0.522961
0.706394 0.646547 0.523932
0.707212 0.648385 0.524965
0.708677 0.650159 0.526041
0.716258 0.652047 0.527026
0.716701 0.653843 0.528046
0.716832 0.655546 0.529035
0.718223 0.657195 0.529968
0.721044 0.658832 0.530762
0.722455 0.660423 0.531577
