0.771262 0.771262 0.499208
0.79884 0.785051 0.504784
0.84322 0.804441 0.510178
0.856346 0.817417 0.514777
0.884632 0.83086 0.519159
0.900578 0.842479 0.524114
0.907334 0.851744 0.529058
0.916894 0.859888 0.533428
0.930282 0.86771 0.538203
0.93262 0.874201 0.54262
0.934125 0.879648 0.546494
0.934592 0.884227 0.549601
0.936603 0.888256 0.552437
0.9368 0.891723 0.555656
0.943053 0.895145 0.558892
0.944277 0.898216 0.561339
0.947494 0.901115 0.563919
0.950784 0.903874 0.566675
0.952773 0.906448 0.569167
0.955416 0.908896 0.571244
0.955987 0.911139 0.573188
0.961733 0.913438 0.575058
0.963745 0.915626 0.577062
0.963745 0.917631 0.579331
0.964247 0.919495 0.581713
0.964247 0.921217 0.583983
0.964629 0.922824 0.586439
0.964629 0.924317 0.588829
0.964633 0.925708 0.591244
0.964646 0.927006 0.593563
0.966732 0.928287 0.595893
0.967072 0.929499 0.598101
0.971273 0.930765 0.600257
0.972819 0.932002 0.602203
0.972828 0.933168 0.60434
0.972829 0.93427 0.60658
0.972829 0.935312 0.608558
0.973446 0.936316 0.610427
0.976347 0.937342 0.612452
0.976366 0.938318 0.61436
