0.522153 0.522153 0.500018
0.535677 0.528915 0.500307
0.564218 0.540683 0.500834
0.591626 0.553418 0.501446
0.613032 0.565341 0.502084
0.626456 0.575527 0.502999
0.652645 0.586544 0.504044
0.668254 0.596758 0.505486
0.691572 0.607292 0.507053
0.712446 0.617808 0.508853
0.722322 0.627309 0.510652
0.734927 0.636277 0.512245
0.741046 0.644336 0.513535
0.745347 0.651551 0.5149
0.751961 0.658245 0.516264
0.762689 0.664773 0.517661
0.765151 0.670678 0.519106
0.772438 0.676331 0.520656
0.779449 0.681758 0.522364
0.78461 0.686901 0.524037
0.784735 0.69156 0.525605
0.789342 0.696004 0.526969
0.80497 0.700742 0.528378
0.813636 0.705446 0.529932
0.826951 0.710306 0.531477
0.830484 0.714928 0.532782
0.830484 0.719208 0.533883
0.831793 0.723229 0.53513
0.834225 0.727057 0.53637
0.835346 0.730666 0.537483
0.835346 0.734043 0.538766
0.837355 0.737271 0.539902
0.842334 0.740455 0.541037
0.842334 0.743452 0.54212
0.842495 0.746281 0.543167
0.845594 0.74904 0.544224
0.845898 0.751658 0.545335
0.846471 0.754153 0.546389
0.850069 0.756612 0.54735
0.850139 0.758951 0.548481
