0.522122 0.522122 0.499977
0.523407 0.522765 0.500431
0.528261 0.524597 0.500684
0.531 0.526198 0.50093
0.533225 0.527603 0.501096
0.534314 0.528722 0.501276
0.544606 0.530991 0.501505
0.547342 0.533035 0.501782
0.549783 0.534896 0.50203
0.555257 0.536932 0.502313
0.564034 0.539396 0.502581
0.565514 0.541572 0.50289
0.581716 0.54466 0.503215
0.581749 0.547309 0.503614
0.583662 0.549733 0.504017
0.590852 0.552303 0.504378
0.594028 0.554757 0.50468
0.598652 0.557196 0.505035
0.600015 0.559449 0.505361
0.607951 0.561875 0.505755
0.610763 0.564203 0.506063
0.626442 0.567032 0.506457
0.627852 0.569676 0.506839
0.642256 0.5727 0.507229
0.654142 0.575958 0.507592
0.656538 0.579057 0.507992
0.656547 0.581927 0.508381
0.665658 0.584917 0.508782
0.667399 0.587762 0.509285
0.675809 0.590697 0.509779
0.67645 0.593463 0.51022
0.680281 0.596176 0.510661
0.680463 0.59873 0.510995
0.684922 0.601265 0.511355
0.688708 0.603763 0.511733
0.698699 0.606401 0.512152
0.708042 0.609148 0.512524
0.714072 0.611909 0.512998
0.715756 0.614572 0.51344
0.730417 0.617468 0.513884
