0.502198 0.502198 0.500007
0.502199 0.502198 0.500083
0.502783 0.502393 0.500128
0.502917 0.502524 0.500155
0.503142 0.502648 0.500178
0.503256 0.502749 0.500194
0.503441 0.502848 0.500206
0.503858 0.502974 0.500221
0.505138 0.503215 0.500244
0.505797 0.503473 0.500273
0.505856 0.503689 0.500295
0.506116 0.503892 0.500313
0.506438 0.504088 0.500329
0.506811 0.504282 0.500344
0.507563 0.504501 0.500375
0.507594 0.504694 0.500401
0.508508 0.504919 0.500431
0.508995 0.505145 0.500454
0.509199 0.505358 0.500486
0.50928 0.505554 0.500511
0.51055 0.505792 0.500547
0.510796 0.50602 0.500589
0.511984 0.506279 0.500631
0.513214 0.506568 0.500667
0.513575 0.506848 0.500709
0.514462 0.507141 0.500743
0.520914 0.507651 0.500792
0.521748 0.508155 0.500851
0.52208 0.508635 0.500911
0.522507 0.509097 0.500967
0.522812 0.50954 0.50103
0.523607 0.509979 0.501099
0.523844 0.510399 0.501156
0.524485 0.510814 0.501221
0.525114 0.511222 0.501281
0.525496 0.511619 0.501345
0.526151 0.512012 0.501433
0.529558 0.512473 0.501537
0.531079 0.51295 0.501649
0.53167 0.513418 0.501753
