0.764397 0.764397 0.501648
0.769404 0.7669 0.505975
0.78929 0.774364 0.509727
0.816574 0.784916 0.513054
0.842522 0.796437 0.515468
0.850724 0.805485 0.518791
0.854826 0.812534 0.521768
0.868321 0.819507 0.524419
0.868321 0.824931 0.527149
0.874901 0.829928 0.53051
0.874901 0.834016 0.533979
0.874901 0.837423 0.537509
0.874901 0.840306 0.541074
0.874901 0.842777 0.544819
0.874901 0.844919 0.548005
0.874901 0.846793 0.551493
0.874901 0.848446 0.555573
0.874901 0.849916 0.559282
0.874901 0.851231 0.562959
0.874901 0.852414 0.566837
0.874901 0.853485 0.570988
0.874901 0.854459 0.575298
0.874901 0.855347 0.579451
0.874901 0.856162 0.583403
0.874901 0.856912 0.586929
0.874901 0.857604 0.590294
0.874901 0.858244 0.59357
0.874901 0.858839 0.596571
0.874901 0.859393 0.599493
0.874901 0.85991 0.601869
0.874901 0.860394 0.603949
0.874901 0.860847 0.605965
0.874901 0.861273 0.608006
0.874901 0.861674 0.610023
0.874901 0.862051 0.612178
0.874901 0.862408 0.614117
0.874901 0.862746 0.616008
0.874901 0.863066 0.617806
0.874901 0.863369 0.619318
0.874901 0.863658 0.620619
