0.515045 0.515045 0.499991
0.515565 0.515305 0.500385
0.520412 0.517007 0.500655
0.522856 0.518469 0.500835
0.524113 0.519598 0.500988
0.524113 0.520351 0.501138
0.524152 0.520894 0.501255
0.524907 0.521395 0.501401
0.531281 0.522494 0.501558
0.532357 0.52348 0.501711
0.533065 0.524351 0.501846
0.534964 0.525236 0.501956
0.538872 0.526285 0.502071
0.542178 0.52742 0.502222
0.548555 0.528829 0.502378
0.549212 0.530103 0.502538
0.551397 0.531355 0.502693
0.553202 0.532569 0.502854
0.555284 0.533765 0.503004
0.563333 0.535243 0.503165
0.564267 0.536625 0.503351
0.568946 0.538094 0.503533
0.572651 0.539597 0.503747
0.575977 0.541113 0.503978
0.577261 0.542559 0.504192
0.578072 0.543924 0.504398
0.579479 0.545241 0.504628
0.579959 0.546481 0.504856
0.580358 0.547649 0.505075
0.580358 0.54874 0.505315
0.585361 0.549921 0.505605
0.587777 0.551104 0.505901
0.587777 0.552215 0.506221
0.590506 0.553341 0.506529
0.593278 0.554482 0.506846
0.608514 0.555983 0.507151
0.61676 0.557626 0.507452
0.620696 0.559286 0.507758
0.624443 0.560956 0.508127
0.62677 0.562602 0.508503
