0.777293 0.777293 0.501398
0.814764 0.796029 0.504501
0.818461 0.803506 0.507277
0.84152 0.81301 0.509633
0.847354 0.819879 0.512017
0.855702 0.825849 0.514128
0.857384 0.830354 0.516361
0.862708 0.834398 0.519033
0.871338 0.838503 0.52192
0.875237 0.842176 0.524841
0.878921 0.845517 0.527755
0.886323 0.848917 0.53082
0.900112 0.852855 0.533808
0.919582 0.857621 0.536737
0.931855 0.86257 0.538897
0.936681 0.867202 0.540827
0.939392 0.871449 0.542674
0.939392 0.875223 0.544473
0.941465 0.87871 0.546049
0.950355 0.882292 0.54772
0.951384 0.885582 0.549269
0.953704 0.888679 0.55042
0.958077 0.891696 0.551489
0.964567 0.894732 0.552487
0.965433 0.89756 0.553544
0.967688 0.900257 0.554414
0.968719 0.902793 0.555014
0.968719 0.905148 0.55588
0.968719 0.90734 0.556552
0.972571 0.909514 0.557535
0.973721 0.911585 0.558367
0.974339 0.913546 0.559139
0.974339 0.915388 0.559973
0.974531 0.917128 0.560905
0.974531 0.918768 0.561701
0.975836 0.920353 0.562513
0.980383 0.921976 0.563265
0.981936 0.923554 0.564229
0.981995 0.925052 0.565199
0.982325 0.926484 0.566085
