0.500028 0.500028 0.500001
0.500028 0.500028 0.500003
0.500029 0.500028 0.500004
0.500029 0.500029 0.500004
0.500029 0.500029 0.500004
0.500029 0.500029 0.500004
0.50003 0.500029 0.500004
0.50003 0.500029 0.500005
0.500031 0.500029 0.500005
0.500032 0.50003 0.500005
0.500042 0.500031 0.500005
0.500044 0.500032 0.500005
0.500047 0.500033 0.500005
0.50005 0.500034 0.500005
0.50005 0.500035 0.500005
0.50005 0.500036 0.500005
0.50005 0.500037 0.500005
0.500052 0.500038 0.500005
0.500055 0.500039 0.500005
0.500055 0.50004 0.500005
0.50006 0.50004 0.500005
0.500062 0.500041 0.500005
0.500062 0.500042 0.500005
0.500063 0.500043 0.500006
0.500067 0.500044 0.500006
0.500068 0.500045 0.500006
0.50007 0.500046 0.500006
0.500074 0.500047 0.500006
0.500074 0.500048 0.500007
0.500079 0.500049 0.500007
0.500083 0.50005 0.500007
0.500084 0.500051 0.500007
0.500085 0.500052 0.500008
0.500085 0.500053 0.500008
0.500093 0.500054 0.500008
0.500094 0.500055 0.500008
0.500097 0.500057 0.500008
0.500097 0.500058 0.500009
0.500098 0.500059 0.500009
0.500099 0.50006 0.500009
