0.501952 0.501952 0.50001
0.506308 0.50413 0.50009
0.508259 0.505506 0.500184
0.509012 0.506383 0.500299
0.51053 0.507212 0.500421
0.511278 0.50789 0.500554
0.511916 0.508465 0.500731
0.51402 0.509159 0.500906
0.514997 0.509808 0.501135
0.516083 0.510436 0.501342
0.521915 0.511479 0.501513
0.522141 0.512368 0.501716
0.522994 0.513185 0.501939
0.524213 0.513973 0.502146
0.525541 0.514744 0.502345
0.526358 0.51547 0.502532
0.527009 0.516149 0.502713
0.528611 0.516841 0.502915
0.528852 0.517473 0.503101
0.528852 0.518042 0.503272
0.529038 0.518566 0.503461
0.529765 0.519075 0.503613
0.529816 0.519542 0.50377
0.529957 0.519976 0.50392
0.53085 0.520411 0.504059
0.53085 0.520812 0.504219
0.53085 0.521184 0.504375
0.533473 0.521623 0.504543
0.533473 0.522031 0.504707
0.533491 0.522413 0.504855
0.534161 0.522792 0.505002
0.534161 0.523148 0.505169
0.534467 0.523491 0.50534
0.534772 0.523822 0.505504
0.535263 0.524149 0.505668
0.540364 0.5246 0.505828
0.540372 0.525026 0.505957
0.540633 0.525437 0.506062
0.540677 0.525828 0.506158
0.540935 0.526205 0.506256
