0.501997 0.501997 0.499986
0.502109 0.502053 0.500039
0.502404 0.50217 0.500076
0.502648 0.50229 0.500097
0.502951 0.502422 0.500118
0.503102 0.502535 0.50014
0.503674 0.502698 0.500162
0.504209 0.502887 0.500185
0.504845 0.503104 0.500206
0.505439 0.503338 0.500232
0.506477 0.503623 0.500262
0.507132 0.503916 0.500293
0.508055 0.504234 0.500327
0.509126 0.504583 0.500355
0.509207 0.504892 0.500386
0.509801 0.505199 0.500419
0.512061 0.505602 0.500453
0.512887 0.506007 0.500503
0.513585 0.506406 0.50054
0.51461 0.506816 0.500581
0.51544 0.507227 0.500617
0.516608 0.507653 0.500653
0.518506 0.508125 0.5007
0.520453 0.508639 0.50075
0.524305 0.509265 0.500809
0.529101 0.510028 0.500875
0.529147 0.510736 0.500941
0.532048 0.511497 0.501026
0.533845 0.512268 0.501108
0.535743 0.513051 0.501206
0.537331 0.513834 0.501295
0.542694 0.514736 0.501407
0.546081 0.515686 0.501516
0.553911 0.51681 0.501649
0.554126 0.517876 0.501786
0.555611 0.518924 0.501955
0.558063 0.519982 0.502119
0.560715 0.521054 0.502297
0.564802 0.522176 0.502493
0.568012 0.523322 0.502705
