0.500029 0.500029 0.5
0.500074 0.500051 0.500002
0.500088 0.500063 0.500003
0.500108 0.500075 0.500005
0.500127 0.500085 0.500006
0.500142 0.500095 0.500007
0.500154 0.500103 0.500008
0.500175 0.500112 0.500009
0.500203 0.500122 0.500011
0.500209 0.500131 0.500012
0.500212 0.500138 0.500013
0.500224 0.500145 0.500015
0.500229 0.500152 0.500016
0.500233 0.500158 0.500017
0.500236 0.500163 0.500019
0.500242 0.500168 0.50002
0.500245 0.500172 0.500021
0.500247 0.500176 0.500023
0.500249 0.50018 0.500024
0.50025 0.500184 0.500025
0.500254 0.500187 0.500026
0.500256 0.50019 0.500027
0.50026 0.500193 0.500028
0.500265 0.500196 0.500028
0.500267 0.500199 0.500029
0.500267 0.500202 0.50003
0.500267 0.500204 0.500031
0.500267 0.500206 0.500032
0.500269 0.500209 0.500032
0.500271 0.500211 0.500033
0.500271 0.500213 0.500034
0.500275 0.500214 0.500034
0.500276 0.500216 0.500035
0.500278 0.500218 0.500035
0.500278 0.50022 0.500036
0.500278 0.500221 0.500036
0.500278 0.500223 0.500037
0.500278 0.500224 0.500037
0.500279 0.500226 0.500038
0.500279 0.500227 0.500038
