0.501996 0.501996 0.499987
0.50297 0.502483 0.500052
0.503134 0.5027 0.500088
0.5032 0.502825 0.500107
0.503308 0.502921 0.500131
0.50332 0.502988 0.500154
0.50373 0.503094 0.500172
0.503951 0.503201 0.500187
0.504314 0.503325 0.500203
0.504317 0.503424 0.500215
0.504687 0.503539 0.500235
0.505174 0.503675 0.500254
0.505388 0.503807 0.500272
0.505598 0.503935 0.500292
0.506454 0.504103 0.500313
0.506472 0.504251 0.500336
0.507362 0.504434 0.500362
0.507643 0.504612 0.500381
0.508776 0.504831 0.500405
0.509549 0.505067 0.50043
0.509715 0.505288 0.50047
0.509844 0.505496 0.500511
0.509973 0.50569 0.500552
0.513271 0.506006 0.500599
0.513341 0.506299 0.50064
0.513436 0.506574 0.500686
0.5135 0.50683 0.500729
0.515521 0.507141 0.500786
0.515681 0.507435 0.500833
0.515829 0.507715 0.500882
0.516206 0.507989 0.500925
0.516279 0.508248 0.500976
0.516877 0.508509 0.501013
0.521527 0.508892 0.501066
0.521976 0.509266 0.50111
0.523014 0.509648 0.501153
0.523826 0.510031 0.501194
0.524182 0.510404 0.501233
0.524202 0.510757 0.501274
0.524304 0.511096 0.501319
