0.501528 0.501528 0.499965
0.501575 0.501552 0.500035
0.501622 0.501575 0.50007
0.501705 0.501608 0.500095
0.501751 0.501636 0.50011
0.502487 0.501778 0.500125
0.502745 0.501916 0.500138
0.502811 0.502028 0.500152
0.502867 0.502121 0.500166
0.50292 0.502201 0.500174
0.503013 0.502275 0.500184
0.503176 0.50235 0.500195
0.503384 0.502429 0.500204
0.503415 0.5025 0.500213
0.503415 0.502561 0.500222
0.503519 0.502621 0.500229
0.503662 0.502682 0.500239
0.504338 0.502774 0.500249
0.504338 0.502856 0.500258
0.504402 0.502934 0.500271
0.504461 0.503006 0.500282
0.504788 0.503087 0.500294
0.505172 0.503178 0.500306
0.505279 0.503266 0.500316
0.505322 0.503348 0.500327
0.50547 0.503429 0.500339
0.505671 0.503512 0.500351
0.505697 0.50359 0.500364
0.505711 0.503664 0.500375
0.506134 0.503746 0.500388
0.50627 0.503827 0.5004
0.506718 0.503918 0.500414
0.506969 0.50401 0.500431
0.506969 0.504097 0.500446
0.507084 0.504182 0.500463
0.507112 0.504264 0.50048
0.507513 0.504352 0.500498
0.507581 0.504437 0.500515
0.507973 0.504527 0.500536
0.508324 0.504622 0.500556
