0.501762 0.501762 0.499975
0.501762 0.501762 0.50004
0.501794 0.501773 0.500074
0.501836 0.501789 0.500095
0.501836 0.501798 0.500111
0.501991 0.50183 0.500126
0.502008 0.501856 0.500138
0.502076 0.501883 0.500149
0.502076 0.501905 0.500161
0.502213 0.501936 0.500172
0.502323 0.501971 0.500184
0.502786 0.502039 0.500196
0.502917 0.502106 0.500206
0.502973 0.502168 0.500215
0.503086 0.502229 0.500223
0.503108 0.502284 0.500231
0.503248 0.502341 0.50024
0.503508 0.502406 0.500245
0.50361 0.502469 0.500252
0.503752 0.502533 0.50026
0.504133 0.502609 0.500271
0.504137 0.502679 0.50028
0.504148 0.502743 0.500288
0.504148 0.502801 0.500296
0.504155 0.502856 0.500303
0.504313 0.502912 0.500309
0.504493 0.50297 0.500318
0.504611 0.503029 0.500327
0.5047 0.503086 0.500335
0.505058 0.503152 0.500345
0.50509 0.503215 0.500355
0.505204 0.503277 0.500364
0.505353 0.50334 0.500373
0.505527 0.503404 0.500383
0.505574 0.503466 0.500394
0.505808 0.503531 0.500405
0.505808 0.503593 0.500417
0.505896 0.503653 0.50043
0.506175 0.503718 0.500443
0.506365 0.503784 0.500459
