0.500028 0.500028 0.499999
0.50008 0.500054 0.500002
0.5001 0.500069 0.500003
0.500115 0.500081 0.500005
0.500135 0.500092 0.500007
0.500165 0.500104 0.500008
0.500183 0.500115 0.500009
0.500208 0.500127 0.500011
0.500231 0.500138 0.500013
0.500237 0.500148 0.500015
0.500249 0.500157 0.500016
0.500272 0.500167 0.500018
0.500288 0.500176 0.500019
0.500302 0.500185 0.500021
0.500311 0.500194 0.500023
0.500324 0.500202 0.500025
0.500329 0.500209 0.500027
0.50034 0.500216 0.500028
0.500342 0.500223 0.500029
0.500342 0.500229 0.500031
0.500346 0.500235 0.500032
0.50036 0.50024 0.500034
0.500366 0.500246 0.500035
0.500369 0.500251 0.500036
0.500373 0.500256 0.500037
0.500373 0.50026 0.500038
0.500378 0.500265 0.500039
0.500379 0.500269 0.50004
0.500383 0.500273 0.500041
0.500384 0.500276 0.500043
0.500386 0.50028 0.500044
0.500387 0.500283 0.500045
0.500389 0.500286 0.500046
0.50039 0.500289 0.500047
0.500394 0.500292 0.500048
0.500395 0.500295 0.500049
0.500395 0.500298 0.50005
0.500395 0.5003 0.500051
0.500395 0.500303 0.500052
0.500395 0.500305 0.500053
