0.785505 0.785505 0.500811
0.793038 0.789272 0.505704
0.819674 0.799406 0.508538
0.825009 0.805807 0.511005
0.833029 0.811251 0.513517
0.838369 0.815771 0.516398
0.838894 0.819074 0.519149
0.852805 0.82329 0.521994
0.86915 0.828386 0.525074
0.87888 0.833435 0.528203
0.883865 0.83802 0.530965
0.896165 0.842865 0.533847
0.89639 0.846983 0.536518
0.898409 0.850656 0.539285
0.907413 0.85444 0.541888
0.909076 0.857854 0.544658
0.912674 0.861079 0.547324
0.91369 0.864002 0.549768
0.9149 0.866681 0.551938
0.92282 0.869488 0.553993
0.931853 0.872458 0.555775
0.936281 0.875359 0.557611
0.938619 0.878109 0.559706
0.939877 0.880683 0.561481
0.939877 0.883051 0.563015
0.942496 0.885337 0.564372
0.945818 0.887577 0.565341
0.948431 0.88975 0.566417
0.952446 0.891912 0.567202
0.956377 0.894061 0.567988
0.959813 0.896182 0.568792
0.964151 0.898306 0.569572
0.964276 0.900305 0.570258
0.964276 0.902187 0.570857
0.964276 0.903961 0.571367
0.968584 0.905756 0.571973
0.969707 0.907484 0.572482
0.970271 0.909136 0.573039
0.970568 0.910712 0.573629
0.972076 0.912246 0.574216
