0.51793 0.51793 0.499983
0.518272 0.518101 0.50036
0.518272 0.518158 0.500606
0.518539 0.518253 0.500765
0.518539 0.518311 0.500874
0.519693 0.518541 0.50099
0.52 0.518749 0.501117
0.520596 0.51898 0.501245
0.528411 0.520028 0.501396
0.528588 0.520884 0.501562
0.529498 0.521667 0.501707
0.529498 0.52232 0.50189
0.529498 0.522872 0.502062
0.532379 0.523551 0.50224
0.539788 0.524634 0.502439
0.543278 0.525799 0.502658
0.543478 0.526839 0.502835
0.547685 0.527997 0.502978
0.554108 0.529371 0.503136
0.554612 0.530633 0.503299
0.554827 0.531785 0.503464
0.554987 0.53284 0.503598
0.567497 0.534347 0.503752
0.569747 0.535822 0.50392
0.574583 0.537372 0.504134
0.579271 0.538984 0.504358
0.583513 0.540633 0.504567
0.585962 0.542252 0.504837
0.593433 0.544017 0.505119
0.596996 0.545783 0.505382
0.598344 0.547478 0.505657
0.598732 0.54908 0.505898
0.601754 0.550676 0.506174
0.603964 0.552243 0.506503
0.608828 0.55386 0.506817
0.609201 0.555397 0.507105
0.613171 0.556959 0.507402
0.614117 0.558463 0.507676
0.615365 0.559922 0.507956
0.615828 0.56132 0.508208
