0.758737 0.758737 0.499512
0.800541 0.779639 0.504247
0.825118 0.794798 0.507857
0.849139 0.808383 0.512056
0.872934 0.821294 0.51604
0.873345 0.829969 0.520019
0.893649 0.839066 0.524334
0.902587 0.847006 0.529235
0.910029 0.854009 0.533572
0.914515 0.860059 0.537893
0.928708 0.8663 0.541245
0.928708 0.871501 0.544622
0.933281 0.876253 0.548134
0.935198 0.880463 0.551458
0.937809 0.884286 0.554267
0.938045 0.887646 0.556915
0.938045 0.890611 0.559577
0.938802 0.893288 0.562721
0.940744 0.895786 0.565314
0.942788 0.898136 0.568221
0.94678 0.900452 0.570933
0.952841 0.902834 0.574027
0.954951 0.9051 0.577321
0.954951 0.907177 0.57978
0.955129 0.909095 0.582329
0.956834 0.910931 0.584668
0.959305 0.912723 0.587077
0.959951 0.914409 0.589309
0.964194 0.916126 0.591523
0.964194 0.917728 0.593547
0.964474 0.919236 0.595481
0.964474 0.92065 0.59732
0.964474 0.921978 0.59957
0.964663 0.923233 0.601837
0.964663 0.924417 0.603916
0.964663 0.925535 0.60615
0.966986 0.926655 0.608146
0.969973 0.927795 0.610099
0.97017 0.928882 0.611735
0.97019 0.929915 0.613092
