0.501824 0.501824 0.500009
0.50415 0.502987 0.500069
0.505332 0.503769 0.500126
0.508428 0.504934 0.500173
0.508561 0.505659 0.500224
0.511719 0.506669 0.500292
0.51324 0.507608 0.500352
0.514925 0.508523 0.500424
0.517829 0.509557 0.500558
0.521142 0.510715 0.500716
0.522472 0.511784 0.500857
0.523391 0.512751 0.501043
0.525633 0.513742 0.501236
0.529762 0.514886 0.501434
0.530955 0.515958 0.501662
0.530991 0.516897 0.501881
0.533685 0.517885 0.502119
0.535083 0.51884 0.502287
0.537431 0.519819 0.502434
0.539253 0.52079 0.502608
0.539521 0.521682 0.502794
0.539917 0.522511 0.502957
0.540395 0.523289 0.503167
0.541303 0.524039 0.503374
0.542901 0.524794 0.503562
0.542911 0.525491 0.503709
0.543174 0.526146 0.503865
0.543189 0.526754 0.504022
0.543599 0.527335 0.504196
0.543862 0.527886 0.504367
0.544285 0.528415 0.50455
0.545592 0.528952 0.504743
0.54579 0.529462 0.504929
0.545805 0.529943 0.505113
0.545853 0.530397 0.505269
0.545984 0.53083 0.505418
0.545997 0.53124 0.505545
0.546122 0.531632 0.505689
0.546491 0.532013 0.505795
0.546491 0.532375 0.505912
