0.745635 0.745635 0.500313
0.758361 0.751998 0.505393
0.764875 0.75629 0.508298
0.772933 0.760451 0.510589
0.783881 0.765137 0.512599
0.790821 0.769418 0.514217
0.799261 0.773681 0.51633
0.815562 0.778916 0.518339
0.83537 0.785189 0.520117
0.855267 0.792197 0.522288
0.863436 0.798673 0.524744
0.871859 0.804772 0.526898
0.87608 0.810257 0.529336
0.891012 0.816025 0.531407
0.902112 0.821764 0.533406
0.908005 0.827154 0.535334
0.90913 0.831976 0.537297
0.918526 0.836785 0.53934
0.918928 0.841108 0.541018
0.922747 0.84519 0.542608
0.925596 0.849019 0.543979
0.92779 0.852599 0.545318
0.930296 0.855977 0.546784
0.930693 0.859091 0.548066
0.933587 0.862071 0.549691
0.934215 0.864845 0.550835
0.93769 0.867543 0.55184
0.938088 0.870063 0.553082
0.938088 0.872408 0.554327
0.939244 0.874636 0.555469
0.939244 0.87672 0.556477
0.94069 0.878719 0.557333
0.94069 0.880597 0.558076
0.940697 0.882365 0.558684
0.946313 0.884192 0.559432
0.948274 0.885972 0.560305
0.948619 0.887665 0.560941
0.95015 0.88931 0.561662
0.951279 0.890899 0.562512
0.951279 0.892408 0.563443
