0.50003 0.50003 0.5
0.500031 0.500031 0.500002
0.500031 0.500031 0.500003
0.500032 0.500031 0.500003
0.500033 0.500031 0.500004
0.500033 0.500032 0.500004
0.500034 0.500032 0.500004
0.500035 0.500032 0.500004
0.500037 0.500033 0.500004
0.500037 0.500033 0.500004
0.500042 0.500034 0.500004
0.500044 0.500035 0.500004
0.500046 0.500036 0.500004
0.500051 0.500037 0.500005
0.500057 0.500038 0.500005
0.500069 0.50004 0.500005
0.500072 0.500042 0.500005
0.500075 0.500044 0.500005
0.500079 0.500046 0.500005
0.50008 0.500047 0.500006
0.500084 0.500049 0.500006
0.500086 0.500051 0.500006
0.500089 0.500052 0.500006
0.500093 0.500054 0.500007
0.500095 0.500056 0.500007
0.500096 0.500057 0.500007
0.500098 0.500059 0.500007
0.500108 0.500061 0.500008
0.500112 0.500062 0.500008
0.500113 0.500064 0.500008
0.500113 0.500066 0.500009
0.500113 0.500067 0.500009
0.500115 0.500069 0.500009
0.50012 0.50007 0.50001
0.50012 0.500072 0.50001
0.500123 0.500073 0.50001
0.500127 0.500074 0.500011
0.500127 0.500076 0.500011
0.500127 0.500077 0.500011
0.500128 0.500078 0.500012
