0.777721 0.777721 0.502327
0.8029 0.790311 0.506859
0.820851 0.800491 0.51123
0.829926 0.807849 0.513984
0.841695 0.814619 0.516186
0.86477 0.822977 0.519083
0.888927 0.832399 0.522543
0.894172 0.84012 0.525985
0.894372 0.846148 0.529451
0.896961 0.85123 0.533065
0.907477 0.856343 0.53715
0.916471 0.861354 0.540522
0.916529 0.865598 0.544117
0.916529 0.869236 0.547644
0.929448 0.87325 0.551779
0.929911 0.876791 0.556091
0.934856 0.880207 0.559651
0.935539 0.883281 0.563333
0.935539 0.886031 0.567554
0.938548 0.888657 0.571664
0.940729 0.891137 0.575709
0.943732 0.893527 0.579478
0.944042 0.895724 0.583141
0.946916 0.897857 0.586739
0.946916 0.899819 0.590629
0.953552 0.901886 0.594001
0.953552 0.903799 0.596826
0.954418 0.905607 0.599899
0.958143 0.907419 0.602443
0.959023 0.909139 0.604621
0.962777 0.910869 0.606821
0.965221 0.912568 0.608889
0.965446 0.91417 0.610901
0.966338 0.915704 0.612813
0.967669 0.917189 0.614772
0.967669 0.918591 0.61674
0.967669 0.919918 0.618811
0.967669 0.921174 0.620865
0.967669 0.922366 0.623113
0.967669 0.923499 0.625255
