0.525192 0.525192 0.50021
0.525682 0.525437 0.500463
0.53328 0.528051 0.500733
0.538974 0.530782 0.500937
0.541359 0.532897 0.501242
0.551847 0.536055 0.50154
0.556178 0.53893 0.501806
0.567858 0.542546 0.502264
0.582124 0.546943 0.502745
0.595556 0.551805 0.503186
0.604117 0.55656 0.503631
0.619479 0.561804 0.504281
0.628282 0.566917 0.504872
0.632514 0.571603 0.505503
0.64393 0.576425 0.506095
0.667613 0.582124 0.506752
0.671441 0.587378 0.507355
0.683633 0.592725 0.508025
0.693907 0.598051 0.508792
0.702878 0.603292 0.509543
0.707344 0.608247 0.510362
0.726093 0.613604 0.511367
0.731189 0.618716 0.512286
0.740997 0.623811 0.513117
0.742343 0.628552 0.513958
0.756709 0.633481 0.514873
0.761604 0.638227 0.515738
0.766834 0.64282 0.516703
0.784071 0.647691 0.517676
0.78667 0.652323 0.518669
0.795399 0.656939 0.519831
0.796068 0.661286 0.520844
0.801874 0.665547 0.521955
0.806163 0.669682 0.523004
0.80635 0.673587 0.524163
0.811834 0.677427 0.525353
0.812528 0.681079 0.526433
0.8139 0.684574 0.527441
0.818157 0.687999 0.528463
0.83075 0.691568 0.529307
