0.525837 0.525837 0.500009
0.535066 0.530451 0.500453
0.547096 0.535999 0.50082
0.554038 0.540509 0.501038
0.571426 0.546692 0.501465
0.60189 0.555892 0.501916
0.603903 0.562751 0.502431
0.613485 0.569093 0.502909
0.623644 0.575154 0.503692
0.635463 0.581185 0.504657
0.640399 0.586568 0.505694
0.65109 0.591945 0.506795
0.656353 0.596899 0.507835
0.662533 0.601587 0.508784
0.674586 0.606454 0.509729
0.681299 0.611132 0.510919
0.683736 0.615403 0.512099
0.687882 0.619429 0.513274
0.688103 0.623044 0.514337
0.694599 0.626621 0.515185
0.697997 0.63002 0.516
0.698238 0.633121 0.516774
0.698238 0.635952 0.517528
0.699408 0.638596 0.518201
0.700424 0.641069 0.518879
0.700639 0.64336 0.519624
0.705407 0.645658 0.520373
0.706819 0.647843 0.521024
0.710884 0.650017 0.52169
0.711862 0.652078 0.522297
0.724184 0.654404 0.522925
0.725215 0.656617 0.523603
0.725215 0.658696 0.524307
0.7256 0.660663 0.525012
0.727808 0.662582 0.525699
0.728913 0.664424 0.526393
0.733821 0.6663 0.527145
0.739279 0.668221 0.528045
0.741906 0.67011 0.52882
0.7424 0.671917 0.529598
