0.501707 0.501707 0.499983
0.501793 0.50175 0.500035
0.50181 0.50177 0.500071
0.501866 0.501794 0.500094
0.502017 0.501839 0.500109
0.502154 0.501891 0.500123
0.502516 0.501981 0.500137
0.503238 0.502138 0.500151
0.503283 0.502265 0.50016
0.503516 0.50239 0.500174
0.503613 0.502501 0.500187
0.504629 0.502679 0.500199
0.505076 0.502863 0.500213
0.505287 0.503036 0.500223
0.505547 0.503204 0.50024
0.506291 0.503397 0.500255
0.506586 0.503584 0.500275
0.50686 0.503766 0.500293
0.507528 0.503964 0.500313
0.507921 0.504162 0.500341
0.508399 0.504364 0.500369
0.508689 0.50456 0.500394
0.508992 0.504753 0.500416
0.511628 0.50504 0.500442
0.512667 0.505345 0.500472
0.512986 0.505638 0.500499
0.513402 0.505926 0.500526
0.513414 0.506193 0.500568
0.51351 0.506446 0.500616
0.520008 0.506898 0.500668
0.520519 0.507337 0.500733
0.521063 0.507766 0.500793
0.521135 0.508171 0.500863
0.522038 0.508579 0.500938
0.522631 0.508981 0.501023
0.523036 0.509371 0.5011
0.523293 0.509747 0.50117
0.528595 0.510243 0.50126
0.529168 0.510729 0.501351
0.534516 0.511323 0.501443
