0.520113 0.520113 0.499809
0.523771 0.521942 0.500258
0.524671 0.522852 0.500508
0.525105 0.523415 0.500682
0.540635 0.526859 0.50088
0.542942 0.529539 0.50101
0.551037 0.53261 0.501172
0.554019 0.535286 0.50136
0.562074 0.538263 0.501595
0.578929 0.542329 0.501875
0.589314 0.546601 0.502182
0.594839 0.550621 0.502575
0.597307 0.554212 0.503035
0.610554 0.558236 0.503661
0.612195 0.561834 0.504356
0.622578 0.56563 0.504963
0.623636 0.569042 0.505504
0.626697 0.572245 0.506021
0.633395 0.575464 0.506807
0.636613 0.578521 0.50763
0.644777 0.581676 0.508523
0.649512 0.58476 0.509365
0.658089 0.587948 0.510206
0.658089 0.59087 0.511106
0.65835 0.59357 0.51193
0.661604 0.596186 0.512831
0.665808 0.598765 0.513737
0.670753 0.601336 0.514534
0.670753 0.60373 0.515426
0.672364 0.606017 0.516371
0.673147 0.608183 0.517389
0.673147 0.610213 0.518357
0.673582 0.612133 0.519304
0.673582 0.613941 0.520122
0.687445 0.616041 0.520862
0.687445 0.618024 0.521777
0.687445 0.6199 0.522751
0.687445 0.621678 0.523678
0.688082 0.623381 0.524438
0.688082 0.624998 0.525214
