0.500031 0.500031 0.5
0.500032 0.500031 0.500002
0.500033 0.500032 0.500003
0.500033 0.500032 0.500003
0.500033 0.500032 0.500004
0.500034 0.500033 0.500004
0.500034 0.500033 0.500004
0.500035 0.500033 0.500005
0.500036 0.500033 0.500005
0.500036 0.500034 0.500005
0.500036 0.500034 0.500005
0.500037 0.500034 0.500005
0.500038 0.500034 0.500006
0.500039 0.500035 0.500006
0.50004 0.500035 0.500006
0.50004 0.500035 0.500006
0.500041 0.500036 0.500006
0.500041 0.500036 0.500006
0.500042 0.500036 0.500006
0.500043 0.500037 0.500006
0.500043 0.500037 0.500006
0.500044 0.500037 0.500007
0.500045 0.500038 0.500007
0.500045 0.500038 0.500007
0.500046 0.500038 0.500007
0.500047 0.500039 0.500007
0.500047 0.500039 0.500007
0.500048 0.500039 0.500007
0.500048 0.500039 0.500007
0.500049 0.50004 0.500007
0.500049 0.50004 0.500007
0.500049 0.50004 0.500007
0.500049 0.500041 0.500008
0.500051 0.500041 0.500008
0.500053 0.500041 0.500008
0.500054 0.500042 0.500008
0.500054 0.500042 0.500008
0.500054 0.500042 0.500008
0.500054 0.500043 0.500008
0.500056 0.500043 0.500008
